0 0.19053278252077407 0.5373759739416302 0.21143336125483597 0.5359341584893513 0.20494203529591998 0.49679962063964594 0.19053278252077407 0.5373759739416302
1 0.19053183041652874 0.5373682196748204 0.21143240915059064 0.5359264042225416 0.20494108319167462 0.49679186637283623 0.19053183041652874 0.5373682196748204
1 0.30729763875817256 0.5236012788047301 0.41769711095081724 0.5094837016225441 0.3932581515293766 0.31731088452342326 0.30729763875817256 0.5236012788047301
0 0.39888306157897324 0.47298665688642255 0.3959009046096496 0.47616507649887374 0.3878063480114496 0.47547228368118793 0.37965075853762625 0.4708491505967774 0.37497484592679153 0.45679977011627315 0.3755476198668107 0.44773156997209396 0.37430174603629857 0.44788454404331385 0.3713875965130715 0.45161683985645773 0.3656415260834449 0.4528845950561764 0.3571315421935154 0.4522416858431626 0.35326501639515123 0.4482174993418059 0.3524953307022076 0.452248714570276 0.34923389734823984 0.4565858779411858 0.34286851330348594 0.45624299589589973 0.3386547036743811 0.452823676952309 0.3297549084564103 0.4730388809312478 0.3342479944701594 0.4752994561163799 0.33610607133043324 0.4801324756037957 0.3347779688830936 0.4864822861015846 0.33303457515891666 0.4928830879564468 0.33759566861876233 0.49569753934227156 0.33890954989537103 0.4960984414717443 0.3433417390483889 0.4944297841425529 0.34720826484675305 0.4984539706439096 0.3426938470769077 0.5063194643996701 0.3356410059560378 0.5038109611562851 0.3364858096804434 0.49695826581487684 0.3321359851591453 0.49243119446990063 0.3295618728664013 0.49893287128650804 0.3222156702050486 0.5043349321812448 0.31723928546836555 0.5015714721524934 0.3100473028202721 0.5193876732598367 0.41693453584323914 0.5101395605373833 0.4108189360565257 0.4568987298753885 0.39882216471824206 0.46905742437209896 0.39888306157897324 0.47298665688642255
0 0.3834563874752593 0.4709441045838105 0.38892318152024175 0.4708350931425505 0.39438997556522426 0.4707260817012906 0.39688883381161383 0.4670447772452199 0.37905533273407455 0.4462585091216186 0.37802514635710405 0.454176334456916 0.3788415077400479 0.46082506437003123 0.38076772806131054 0.4662130678105412 0.3834563874752593 0.4709441045838105
0 0.3912485083922192 0.35244266538010327 0.3927197363171175 0.3438252509700689 0.39576990073253787 0.34120070755831045 0.3925599605677662 0.3202077439195699 0.38268473822692395 0.34449516733913493 0.38558466657942003 0.3475135841532529 0.38689143727066333 0.35128984259635665 0.3912485083922192 0.35244266538010327
1 0.5307315413490689 0.26276435046275204 0.4104704409518166 0.27724719473031845 0.4408718247168407 0.507762657498932 0.6204209178030367 0.48346789508342936 0.6173128189195509 0.44785465889146137 0.5307315413490689 0.26276435046275204
0 0.431893898126874 0.3350785590048897 0.43494323195974055 0.3324541175758455 0.43888584238701284 0.3336578297339512 0.4443597470173608 0.33017346197906045 0.4388391666970125 0.32297788459236587 0.43623259988499913 0.31204890364012616 0.4383833437180943 0.3089725687245357 0.4441231341449092 0.3110800678557338 0.4500583111744333 0.3182258636204705 0.4536606123414379 0.31665797927031003 0.4544374086197469 0.30925140772820897 0.454029227928275 0.3059270427716514 0.4500257206402717 0.30079409809922203 0.45536444096098005 0.2962018759602316 0.45771934314725726 0.29478827739912067 0.4644929078834831 0.2984555244009644 0.4685573120322176 0.30751770158771735 0.47209788575593736 0.3020206867059475 0.47398454097256526 0.2933533886912412 0.4812556256024559 0.29077280790944254 0.4808545554963494 0.2840730866392541 0.48362474895946395 0.2826084967210698 0.48832185731150296 0.28653070050827995 0.4931701683239119 0.28481094983930105 0.494634421678337 0.279569999495299 0.49754146061619864 0.27921305999578594 0.5012719715223695 0.2821294940957572 0.5005702932755225 0.2867145855249201 0.5015226695506596 0.29447106783942073 0.5049882612578095 0.29179664082299034 0.5132940867945569 0.29077681368152464 0.5145257394543382 0.29737455223756654 0.5223411556827863 0.2992271965661123 0.5233757605747508 0.30078684245404397 0.5322257816951634 0.3041991326705213 0.5293187427573018 0.3045560721700343 0.5331925151559236 0.30520601011016146 0.5356232299413246 0.3009697217009968 0.5396859729249516 0.3100321028531781 0.5452755272888424 0.31778256221025253 0.5476162083043887 0.32311967627640337 0.5481604038880539 0.3275517936343463 0.54828302819207 0.3354101566802793 0.5516735018677579 0.3355572097767871 0.5534698512847468 0.33646109873259356 0.5538100245301221 0.33923158748845844 0.5542862126676906 0.34310982864570877 0.5536533724494941 0.3482486942928501 0.5537064641571983 0.3555544928559201 0.5564101753244315 0.3535347150192135 0.5621633563394236 0.34889160350586396 0.5674252974635624 0.34712106544524 0.5303777778129207 0.2616822097800716 0.41097958805721924 0.27718467932654656 0.4206597018961687 0.34658139458676107 0.42176873025193373 0.34532077009687 0.4279378971114246 0.34062545749133155 0.431893898126874 0.3350785590048897
0 0.4416546817953731 0.43174009953042647 0.44808109871575025 0.4360133218424376 0.4536696864821951 0.4437627754298248 0.4496458140355413 0.4487569054679753 0.45080945924922594 0.45480076782332457 0.45285747329195114 0.46804723629248157 0.4545582035039355 0.48189857231940464 0.45676356419495007 0.48612672424905456 0.46208012217700845 0.4916606730336709 0.46658031877612294 0.49054589190517206 0.4720613339918363 0.4836861678366503 0.47587407351483463 0.4804057655100527 0.47957212990173625 0.465891541841177 0.4852573034706317 0.46069455412713467 0.4926574284222423 0.46259818981275364 0.4984643957126001 0.46525966712735867 0.5003082514021432 0.4768433992420363 0.4976733782635602 0.47941695129672146 0.5000140592791065 0.48475406536287224 0.5085239071541439 0.48539586682348457 0.5148892911988976 0.48573874886877083 0.5197984990720379 0.48794823071411547 0.5285805127463539 0.4908066447299001 0.5370145480222676 0.4942711360385662 0.6222852746661223 0.48492566023992845 0.6184756335506817 0.45389862322952473 0.6086272550327931 0.4320486958218459 0.6062035148178657 0.4329085201649783 0.5978367924203869 0.4299991147921204 0.5934868318841967 0.4254709356947428 0.6013022481126447 0.4273235800232887 0.6051829950817397 0.42459705389738367 0.580930594006375 0.37470759534799863 0.5766416663458082 0.37410975651734607 0.5784927686356087 0.3823192400707942 0.5794451449107458 0.39007572238529475 0.5855709536903826 0.4056337573966573 0.5825959073064244 0.4054368206954776 0.5768102717721628 0.39264927443998004 0.5745083252786977 0.40136756381175964 0.5774762610772904 0.4049398568265702 0.5832081103361861 0.41042281425411326 0.5826283618256938 0.4228674784643247 0.5800139898606534 0.41531506356083137 0.5711788844786332 0.4051508509819767 0.5640367041555703 0.4122145404787916 0.5566436897893252 0.4069355484795416 0.555895335852478 0.40084069476711914 0.5493868263301654 0.4027654166340785 0.5502031877131093 0.4094141465471937 0.5625044433550486 0.41690161462210096 0.5638785269247271 0.421232959001013 0.5621359637831038 0.42763365887316107 0.5526309401058445 0.43948640522743193 0.5443180039837315 0.4438815886825284 0.5465984827062083 0.4452882604992401 0.5512206090416774 0.45203305215178985 0.5451873210594874 0.4578350094063123 0.5316400555721437 0.4504994076502233 0.5200737632788744 0.45585740393228613 0.5036123482683036 0.452254097989341 0.5025372116742581 0.4366381448765061 0.486090848416972 0.42628402432358514 0.4869000992145504 0.4363081105503312 0.48515670549037343 0.4427089124051934 0.4801043721396746 0.44276703447209426 0.4749856925079866 0.4422710763728741 0.4734889846342922 0.4300813689480291 0.4712013953264499 0.4320500534449483 0.47214666101622155 0.4431818920730798 0.4719213069218354 0.45164633241189434 0.4715526913349984 0.4623772689105531 0.47056462611814187 0.47149646041180543 0.46368750100899225 0.48415211877742337 0.4601143367511108 0.47221736813794485 0.46261319499750053 0.46853606368187417 0.4657377828767214 0.46309124989229317 0.4679653059063861 0.4571932308983362 0.46621078941903615 0.43603730604345864 0.46389060957703226 0.42057422501912933 0.4622152232989518 0.4275289030746842 0.4621938915428555 0.43765497201557696 0.4587680009552327 0.4543858082396248 0.4560254192510261 0.4423490748859997 0.45357633510219453 0.42240288514665414 0.4514998787180077 0.4226578419320206 0.44582809573728943 0.4211042190015152 0.438435911953598 0.41582512501955105 0.44086676275389103 0.41158994436278784 0.44446753877068035 0.41002337173045705 0.4504927495700589 0.40759576501987815 0.4512632658455562 0.40356444780869394 0.44523805504617775 0.40599205451927267 0.4385933946167797 0.4068079162324453 0.43280064849715283 0.39739572629057845 0.4270750792410688 0.3885375145321187 0.4318014605171233 0.3789581910820912 0.436247870840872 0.37053882112563796 0.4392229172248302 0.37073575782681767 0.4453020503144667 0.3756138476965948 0.44420641254687876 0.3701238615419382 0.4398706731814192 0.35884496981729885 0.43293976179690397 0.3641960393549624 0.43071921333771235 0.36671759428288714 0.4235881403360606 0.3669983443500859 0.4288304263109727 0.40969333740428204 0.43172324407810336 0.41608711053203085 0.4397348774918142 0.4229779495114013 0.4416546817953731 0.43174009953042647
0 0.799043419896744 0.34597128414814093 0.777519379354855 0.3148692715796429 0.7532213523746322 0.31954049800144607 0.7612407909413699 0.32305477093207 0.7598446810479338 0.32885070522916615 0.7628055062611611 0.33579835455760765 0.770191410042041 0.34445270287048846 0.7687271566876157 0.34969365321449064 0.758706379768153 0.34361285695629495 0.7520221542341202 0.33037341721425123 0.7424095580061295 0.3276169859126131 0.734472212041327 0.3179047688030188 0.7325319065642255 0.31926858574217204 0.7287871744873236 0.3231028642694625 0.7259410324101933 0.3273890362832991 0.7277991092704672 0.33222205577071484 0.739269918373624 0.33981261431217014 0.7589714349820663 0.34920482582509804 0.7597197889189136 0.3552996795375205 0.7525916937516893 0.3556115486546722 0.744504247738855 0.3515433995233556 0.739663877894365 0.34988769189598956 0.7312291480507899 0.346424410322439 0.7352998322023361 0.3521113331782752 0.7361090829999145 0.3621354194050213 0.734712837091586 0.36793024594971613 0.7361557586899148 0.3728153645466065 0.7394709783192484 0.3757827900036513 0.7398040409792582 0.38192863507314706 0.7421455525773583 0.3872656471565836 0.741511881776608 0.3924046147864392 0.7366715119321181 0.3907489071590732 0.7347454276257476 0.3853620114709646 0.7328872147505815 0.3805278842311473 0.7340721917203624 0.376445677645604 0.7308392007078565 0.36728141576199025 0.7248353216645742 0.35958295353167635 0.7277494711878013 0.35585065771853247 0.7296288798041716 0.35055760826505566 0.7257694645911728 0.34315806545006816 0.7191248041617749 0.34397392716324066 0.7188993140524964 0.35243725974965373 0.7134863062828797 0.3598508600188682 0.7159709433585385 0.3629202681900594 0.7174747618175984 0.37173461930127344 0.7112991789404035 0.37980407848532727 0.7028644490968283 0.3763407969117766 0.7018510399460678 0.36465397433055113 0.7069849073459327 0.35840022557219664 0.7050657976100354 0.34963686581805586 0.7008519879809303 0.34621754687446515 0.6928863356895583 0.35000786277179563 0.6902157736092558 0.3694570886422338 0.6917267026536813 0.374896083439817 0.6863959235008921 0.3761128472824624 0.6846058540867148 0.37183370399573934 0.6864101446716229 0.3693621346552006 0.6892776185048498 0.3549498937004715 0.6816734712149491 0.35138462941277426 0.6762065411550744 0.35149253310163286 0.6687526299280981 0.34228430858805925 0.6694558856061965 0.33342048007528335 0.6753704883946485 0.3289453320997028 0.6775804032916504 0.3309240189827711 0.6758187132715722 0.3348892533876189 0.6773296423159975 0.340328248185202 0.682217997513858 0.3412280538475816 0.6868981192333662 0.3312788430782055 0.6828501495688162 0.3257769148734006 0.6687711209243509 0.3301300753625367 0.660851376687788 0.3228546354380722 0.6621648541816236 0.3160973197921849 0.6740793969030797 0.31013546172204337 0.6780352619036367 0.3045874554832001 0.6793633643509766 0.2982376449854112 0.6834696014293499 0.287047786273093 0.6966909148420493 0.2848621866460553 0.7065827874546841 0.2864598741892346 0.711258443264728 0.2867740936585229 0.7157982049684772 0.2997146139852404 0.7242258242266871 0.30655325187242183 0.7195540598085521 0.32343706216768975 0.7252534545481784 0.31148936182638565 0.7274801469952894 0.30559144481514283 0.7340567999785907 0.30422170690127764 0.7247234801352441 0.30030653184118095 0.7252961180603711 0.2912372239446004 0.7217625189071246 0.2933577747603381 0.7175487092780196 0.28993845581674726 0.726312610389696 0.2823495526952376 0.7283139487424208 0.2849160760228093 0.7315469397549268 0.29408033790642296 0.7365913319377064 0.29739767413586715 0.7419758973658614 0.3034854991211763 0.7469522821025445 0.30624895914992767 0.7531745406697397 0.3088594451074594 0.7534324852982873 0.31782677028989337 0.7786292382931739 0.3136085451070376 0.7307550085356371 0.24299809971541358 0.6151442386584983 0.26617207397806875 0.6390506693190157 0.48147393143859174 0.6735127347111521 0.4806170051151401 0.8066881820764212 0.42883248000382784 0.799043419896744 0.34597128414814093
1 0.796346670949303 0.34146275787193875 0.7331233684313633 0.2431154780992193 0.6143903907620994 0.2654707710922948 0.6393880018045474 0.4822162559098266 0.6693792441687887 0.48013838871659553 0.8048424168567921 0.42638628686076546 0.796346670949303 0.34146275787193875
1 0.7845183397679454 0.24135900347834807 0.8094934133052009 0.4476554655673536 0.9918742785851885 0.4101065345136282 0.9693837167564385 0.2291054326072902 0.7845183397679454 0.24135900347834807
1 0 0.09447961814337898 0 0.2859795903022969 0.17556133486158848 0.264015626431492 0.11960026813902994 0.0800198921587378 0 0.09447961814337898
1 0.18993383267695102 0.07171910329341254 0.18534278533907794 0.2523954344783904 0.38131230145432254 0.22359720774982472 0.328055716782671 0.05584608993298259 0.18993383267695102 0.07171910329341254
1 0.3625965951903368 0.06249757887934031 0.3839140541961601 0.23322353884945582 0.5841309700196582 0.2072186842509614 0.5292919662737287 0.04392466412370562 0.3625965951903368 0.06249757887934031
1 0.5637345359790196 0.008068160758349485 0.591649390741168 0.23613739457855498 0.779568749201548 0.2111690954774553 0.7534964815944333 0.0017183270597089795 0.5637345359790196 0.008068160758349485
1 0.9479290910515807 0.05220170339761663 0.9308693582192122 0 0.7916598398412609 0 0.7808083605631072 0.0015358072562698943 0.7678824195482102 0.10319922403580599 0.7802054857630787 0.20067173320710735 0.9622513231846372 0.16884692351109826 0.9479290910515807 0.05220170339761663
1 0.20921603402503827 0.5916014611929935 0.0703790934304271 0.5814288618996637 0.023305575392872088 0.7138873813524872 0.0347001060042008 0.8095791971727655 0.22920172758439433 0.7861707956557525 0.20921603402503827 0.5916014611929935
1 0.21195611319048333 0.5358519813755884 0.23874267566696314 0.76558113688322 0.26061922373755764 0.5317592369200506 0.21195611319048333 0.5358519813755884
1 0.45993973596599735 0.5504883613783387 0.4591018202180881 0.7287034641862069 0.642327340028573 0.691524217280454 0.5829417273838279 0.5287884505304364 0.45993973596599735 0.5504883613783387
1 0.6276688867035315 0.5251598644182731 0.650436326903061 0.7080520333519332 0.8383497197409163 0.6859259592917901 0.8157146844744171 0.5044692018094544 0.6276688867035315 0.5251598644182731
1 0.8433063803380577 0.4957233493358696 0.8404334998234372 0.688511595823954 1 0.6614258614306902 1 0.5709332015775845 0.9690662672663587 0.4813783184471238 0.8433063803380577 0.4957233493358696
1 0.8744078464408046 0.9449747663776842 1 0.92158047439968 1 0.719292364397101 0.8637546104812011 0.7382252936023457 0.8744078464408046 0.9449747663776842
1 0.8551833645313108 0.8317729594050531 0.8258451758282221 0.7344960658427209 0.685197739925347 0.7512717646658171 0.6759956779741334 0.9162917748314211 0.6841366942987361 0.9797042209173256 0.8709248930316719 0.9570866096803741 0.8551833645313108 0.8317729594050531
1 0.5102138277484894 1 0.6821466262650098 0.9785272620432413 0.6542652005926759 0.7740078391758127 0.4882904603922806 0.7787840659128422 0.4480358586937875 0.9395455254032632 0.45641870719650823 1 0.5102138277484894 1
1 0.4549498518552377 1 0.44713711267924283 0.9415505807254085 0.4082237553649605 0.805401978927514 0.27079483208662797 0.8092785775074258 0.26037759684159784 0.9412753062985135 0.26853542680230036 1 0.4549498518552377 1
1 0.06267752294849505 1 0.23902605712515976 1 0.2648105956840937 0.990459933320232 0.2623472299715819 0.9703974295787411 0.1606331661371664 0.8185419282309763 0.04479541203691207 0.8436575915389982 0.06267752294849505 1
0 0.04040580375079535 0.2546841277609173 0.04252841233913809 0.24305640952604102 0.04031500568677527 0.24238139232272288 0.03727648730760362 0.24654275738954742 0.03522986843900213 0.25011006227982285 0.027116482891999305 0.2563158511872624 0.019181680358914988 0.26107840435398083 0.00864526109888546 0.25621573417346966 0.0024312646694046257 0.2460850170087419 0.0013941701491629488 0.2405293710947957 0.005747251674889093 0.22105009692308192 0.00821884095066756 0.2093806537006655 0.00042242544690886954 0.203707034225524 0 0.20340802764692595 0 0.28362423911009366 0.042221251615093776 0.278142197502061 0.04101819989364452 0.26834412751180714 0.04040580375079535 0.2546841277609173
0 0.0009745462060234023 0.1908519635983208 0 0.18912279552128827 0 0.19854684981699813 0.006946595714555493 0.20480067003134161 0.009280492528669715 0.20356618971566962 0.0009745462060234023 0.1908519635983208
0 0.0025866573780327527 0.17218263295155004 0 0.17255109459597553 0 0.18153461932065917 0.0036000254230677043 0.18910828678172412 0.005843260188054217 0.17557217878025905 0.0025866573780327527 0.17218263295155004
0 0.017428705213374966 0.1803060447928031 0.011597919833397868 0.1819687645826308 0.008628303906372925 0.17801886167710493 0.005869999777382412 0.19025087748114095 0.007199507283107831 0.19529722491144813 0.01156239812803379 0.19902433033317327 0.017428705213374966 0.1803060447928031
0 0.07141940692720519 0.2759772988737307 0.04468764494896742 0.2440180672450037 0.044195799869803265 0.2537453800680072 0.043523188948937336 0.26850994821420043 0.04460575050863519 0.28021751572344444 0.07141940692720519 0.2759772988737307
0 0.12043235951251105 0.13450541613428388 0.12402670633258009 0.1435364773222505 0.12810231923199344 0.14493075816937218 0.13078006169357229 0.14649667592440246 0.1355550251031798 0.14780508732621273 0.13635696890755117 0.15433639548478104 0.13821487069718433 0.15789768020411293 0.13913744067819933 0.16252059859609255 0.13900418868884465 0.17011464817971006 0.13572468998617018 0.1780950082845147 0.13140726618070023 0.1805198244580874 0.12471130910421366 0.17802709736932015 0.12277907875994656 0.18252602202916074 0.12117806825043305 0.19551100457673246 0.12705418465497403 0.19999909862980125 0.13146837214698864 0.20703479285346632 0.09147470895970429 0.2716201142325088 0.17190998462267407 0.2617439042291271 0.11862000017150805 0.08215752248747528 0.08589257025599124 0.0844937640155539 0.1252497768474532 0.11591704251428236 0.1244239705529829 0.12075463451954045 0.11420656785287295 0.13006025680387082 0.12043235951251105 0.13450541613428388
0 0.10484928628349814 0.17744893990827962 0.10494911462485981 0.18187377379178743 0.11740069794413596 0.19076409245261378 0.12051520604304881 0.17854231404118853 0.10484928628349814 0.17744893990827962
0 0.3280940710479708 0.06685652152559438 0.3257847312916169 0.056720891942324325 0.2010900994729221 0.0743995654281325 0.20058427633581738 0.09340645566791946 0.19219123963093404 0.09443699099437045 0.18709681066801015 0.25135471879779836 0.2583310041843083 0.23881885325085456 0.256205382481844 0.22439786486862098 0.25497777370263436 0.22596990477730916 0.25248457987749884 0.22011852624060113 0.3143146265846205 0.16279782026698345 0.3176225260417306 0.16949595489763247 0.2565610233594658 0.22151270510500867 0.2584456647384272 0.2397526885252225 0.38078969223875386 0.2242573361458879 0.34871636278958107 0.12494705331514062 0.328019803099055 0.12985636917994298 0.32739047708205826 0.12683336599172831 0.32779061800570936 0.1279898063836086 0.34865910051996774 0.12448068955415734 0.3315224606668322 0.07164515863725321 0.32715374021427374 0.07076138600888608 0.32173585798153176 0.07000530979608462 0.3236687828934603 0.0655051754011284 0.3280940710479708 0.06685652152559438
0 0.3002618361352206 0.1119517381261514 0.2724466069017728 0.09358074331137649 0.26916040540391734 0.09572489125527817 0.26990323053358634 0.11900392414293011 0.27745542968395476 0.1228042201612026 0.2791820653951908 0.10506761703639826 0.2823299732736181 0.10468110254978277 0.2810667067741522 0.123307600456612 0.29491699111381653 0.13202618022681553 0.3002618361352206 0.1119517381261514
0 0.27732300827715384 0.13039816776210592 0.2701306443581636 0.12613073459937932 0.2715287718057047 0.16994596584625446 0.27344893489003014 0.1711303835159257 0.27732300827715384 0.13039816776210592
0 0.5458949137405387 0.13093487941059695 0.5472185916386316 0.1388245596342621 0.5348696016135328 0.13655141857731556 0.5338421803975988 0.154201044504407 0.5095521650752752 0.20501883547370486 0.5140236148369033 0.21252089345835312 0.507671367392989 0.21282745668788677 0.5037736429398326 0.2099911498351596 0.4994620487419953 0.20957263321537428 0.47427326532303765 0.18945896735368994 0.4658913292806501 0.18480515458094188 0.46280747987691456 0.18281570580486978 0.4492614037528912 0.16790226971671274 0.4519776810339556 0.1784613283383103 0.44426623398658427 0.1879337770947212 0.4268075496559516 0.20475941589381663 0.41426291033191376 0.21245608371774677 0.40651196186761124 0.2129343858379032 0.3966926539704577 0.19945806333680932 0.38578481889108185 0.17711639836742807 0.38028224023173685 0.16121646942787704 0.3791937130495143 0.15235112695958963 0.3765919603076768 0.1427247958599586 0.4066464445945437 0.12150997028647144 0.3975532267969125 0.12262647704094806 0.3889094004493266 0.10426962781194034 0.3918549382329105 0.06175671870709758 0.39487555974450783 0.06612202876314299 0.4044381123764338 0.06305319174973478 0.4142366463067838 0.0590085905089901 0.36337964951414203 0.06403413755267859 0.3840997311134527 0.22989484897590934 0.582447780499714 0.20601416550968366 0.5527411890914006 0.11730698377559104 0.5458949137405387 0.13093487941059695
0 0.444326448764601 0.15950920919763806 0.45865498606948824 0.1345423020098869 0.43344233152094647 0.13591873819755101 0.444326448764601 0.15950920919763806
0 0.660047530160948 0.006798776167191356 0.6694934363277975 0.031688041307168825 0.6984506113164061 0.03334213771681869 0.700319477753643 0.031217966584550096 0.7535319015325905 0.05404826631550517 0.7413378286519212 0.11664153570924163 0.7486758739689886 0.11858202959171434 0.7223884144993027 0.20516654392857978 0.6838125799375584 0.17722308532631548 0.689437906699397 0.16232379482392556 0.666640342969885 0.1963816506827285 0.6354214171902284 0.16185301660975418 0.6110324556497925 0.17716148858199027 0.5966626951571484 0.13819481482373921 0.6167923257442813 0.1257774208033448 0.5783862314747017 0.0731853526366077 0.6136919462254415 0.048485388934729826 0.6121905158959839 0.042038842469071545 0.625015636960456 0.03951732624341568 0.6192273055058136 0.02128326101143143 0.6559138244093676 0.0049382335418005855 0.5650460258312721 0.00790713005271213 0.5916208276138074 0.2359047665742641 0.7801822743147683 0.21038423426686972 0.753874855991783 0.0019091280937455935 0.660047530160948 0.006798776167191356
0 0.8005703352751252 0.03310492730740524 0.7975343920304356 0.028978758091901913 0.7930230097207854 0.024282615456755606 0.7870328727674173 0.021269185723037508 0.783111251030317 0.021376257500298302 0.7817817658520773 0.01741500440616308 0.7823357644153786 0.017346981935827354 0.7882405642241945 0.01737197378852553 0.795242727597423 0.021761162511544984 0.8017824449229976 0.026957142573910176 0.8067925938423203 0.03571541326493692 0.8141869178719359 0.0295585581576149 0.8154941676439963 0.021899071476860942 0.8067303142506891 0.021475117158689282 0.807152716112892 0.018048769487985172 0.8169836918647956 0.015717224516840923 0.8210555496648201 0.009967192513703881 0.8237904375458751 0 0.8062709208185732 0 0.7819506412768272 0.002770758754042113 0.7748204873670208 0.05913798367637844 0.78517342329641 0.04961781628828819 0.8016588624573477 0.041970269775692695 0.8045730119805746 0.03823797396254873 0.8005703352751252 0.03310492730740524
0 0.8452377198604679 0.005499099608595959 0.8524860900033623 0.002733524175765911 0.8521504554377234 0 0.8283739674662962 0 0.8267692386427068 0.013015690243633938 0.8217813251295633 0.015878159327496456 0.818696603024128 0.022801231630481488 0.8234326872572769 0.020174333727482008 0.8280080018878536 0.016238072486044964 0.8364640634875251 0.009575285118702936 0.8452377198604679 0.005499099608595959
0 0.9098631200045381 0.007687547959318764 0.9129043120228761 0.009563042393124999 0.9197109463740805 0.019226309792359418 0.9185725720267703 0.01224155082099232 0.9149924331984156 0.003683264247545992 0.9131811978401775 0 0.9038275406153262 0 0.9054478444165216 0.001480709146600745 0.9098631200045381 0.007687547959318764
0 0.9252342190886991 0.025297103664405983 0.9342656840752976 0.030187135584331504 0.9431060382309665 0.038100673381488905 0.9302297559190678 0 0.9182440381731249 0 0.9225894699029507 0.010623884848874087 0.9252342190886991 0.025297103664405983
0 0.79966798097628 0.17681960619955966 0.792538639093048 0.16682151947718885 0.7936538198725452 0.18505702892138226 0.7912980871037142 0.18647072946520735 0.7892473806667184 0.1743490445106981 0.7833569380435257 0.1675744477831397 0.7775614995296283 0.15928704135592087 0.7774351516021787 0.1536780413738553 0.7790936872626205 0.13285305651411555 0.7798974802041286 0.1233797990716615 0.779472448895018 0.10618512731091898 0.7764108518756688 0.08468368794663786 0.772081720909756 0.13296400761937485 0.78005864209936 0.20022423982877585 0.8046088127861359 0.19645984779646558 0.79966798097628 0.17681960619955966
0 0.7820536334391318 0.16153986227424322 0.7893242389882058 0.17039502661630235 0.7903647077495282 0.15826936035108044 0.7923264809976179 0.14678058222343598 0.7979466825806117 0.12846808191779396 0.8084885729174516 0.10674688861169246 0.8062830762115446 0.10251762892964127 0.8007501365321825 0.10094808263827479 0.7938787392774982 0.09991732109833787 0.7868311469302771 0.09515814307325568 0.7810738204897674 0.08832784588110032 0.7829837641879229 0.1141828911692643 0.7821105181220553 0.13453701176519614 0.7791082761126431 0.15815145615806264 0.7820536334391318 0.16153986227424322
0 0.7960692596392946 0.055958864867590295 0.7985253813059623 0.05078278759480907 0.7867878642595969 0.060472960167381726 0.7832602020432378 0.07065510952846177 0.7817208306573505 0.0787175399854021 0.7815207474293391 0.08624108370819869 0.786952467628311 0.09157310871123533 0.7928981422051324 0.0942175549125778 0.7990751078132272 0.09645915932044816 0.8034870798492687 0.09634248047890237 0.7985860081682983 0.08789578368388766 0.7938576920129978 0.076852877967353 0.7945254700623126 0.06627186812351349 0.7960692596392946 0.055958864867590295
0 0.8021911579847989 0.17218965086066146 0.8086402893921723 0.176647867823704 0.816841171825096 0.18163988245777601 0.8319224239097862 0.18316262078622034 0.8434554395370444 0.1832465647354274 0.8569402894178649 0.17634076263286724 0.8690549153673327 0.16285536083992908 0.8615396281988084 0.16115364893588965 0.854909188940141 0.15521879802180055 0.8524627342382173 0.15589362771390153 0.8488896430478656 0.1657057877729188 0.8431023547843086 0.17579094150025232 0.8399160394618029 0.177306624758224 0.8473742958123452 0.1625173657743187 0.8499799589742754 0.15169953801077668 0.8434454904223496 0.1442528831667143 0.8371512852987797 0.13190334868361528 0.8218565509620885 0.1217822687051124 0.8224514242933951 0.124333700583421 0.8177036381937149 0.12229218227584523 0.811078583723589 0.11410776433246021 0.8046864831341978 0.12614051825736255 0.798648297880096 0.14562879343472562 0.801393571978573 0.15654074327370288 0.8021911579847989 0.17218965086066146
0 0.8716471879410855 0.15878814372093472 0.8826590655376 0.143188112086971 0.8953417752062076 0.12288286744403391 0.8950697454218212 0.1206673626412631 0.8873081154687388 0.1261193071406717 0.8770146936691804 0.1292576434511617 0.8629899303808977 0.1294796476443943 0.8392992629342825 0.12193108359346735 0.8410276140767798 0.1314273953566932 0.8479701273052853 0.1421973074049117 0.857681938782634 0.15262831683656702 0.8716471879410855 0.15878814372093472
0 0.8880675921687591 0.15977088756283395 0.8964693884122481 0.15723925649139522 0.9060371707619554 0.14819106111951424 0.9095097370395786 0.14214017003705162 0.9148845624354603 0.1309823319045449 0.9049272387561068 0.12770487689362367 0.897478643400915 0.12368984775765916 0.8945424004557945 0.13010555208750496 0.8863948252174195 0.14385387140524517 0.8757502535443716 0.16015881364712214 0.8880675921687591 0.15977088756283395
0 0.9535047893696189 0.12736481722866336 0.9491607657703159 0.13089823667662817 0.9402056655311872 0.1334966804832872 0.931623256004066 0.13455046786856367 0.9181117525259713 0.1320861029952176 0.9160636755358837 0.140585437472155 0.9090278210475443 0.15194834878535618 0.9007984962731591 0.1604577594058077 0.885703023017738 0.1656857337046252 0.8720055214674701 0.16399309217441255 0.863263072897789 0.17518997961384414 0.849823515976069 0.18246466326606564 0.8577522326097137 0.18524006534496545 0.9614025803499537 0.16651444652763187 0.9563327711657404 0.12064418551721383 0.9535047893696189 0.12736481722866336
0 0.8220870299667873 0.1877447385563476 0.8142036062922428 0.1853382180271091 0.8042308426297241 0.17964845836660243 0.8083254600807009 0.19468339315031705 0.84671811960702 0.1892193572040401 0.8408631669632914 0.1873137818544217 0.8220870299667873 0.1877447385563476
0 0.9151085337989466 0.11220682797380639 0.9050055282626562 0.11232286814217987 0.9000832721314709 0.11915334107441433 0.9064115142032578 0.12377370471530073 0.9155389498965978 0.1271519327052531 0.9157390331246095 0.1196283889824565 0.9151085337989466 0.11220682797380639
0 0.9380003048401726 0.1292685285536373 0.9474639746686098 0.12623207297457978 0.9534737175812495 0.12024522305174021 0.9252116753501289 0.11209189555783441 0.9184942402482209 0.11173826620636666 0.9201685298833571 0.11908451516791278 0.9198280135720569 0.12775087928830708 0.9296944793034252 0.13028835569510297 0.9380003048401726 0.1292685285536373
0 0.9487542276879722 0.06120845809264921 0.9463620383422311 0.057752131488846906 0.9450451216054272 0.06991286575028108 0.9405960188874083 0.07945701922138224 0.9336054573581694 0.09118881208424479 0.9257486872808991 0.09815245853091237 0.9208514957008486 0.10175379846649882 0.9170658888559414 0.10296862264514499 0.9187390935741512 0.10514926805640253 0.931907013527168 0.10939534836502744 0.9449099474159546 0.11229772501077191 0.955325162936975 0.11701785372892926 0.9487542276879722 0.06120845809264921
0 0.9158510137462693 0.08849428019479197 0.9168177472070294 0.08950115763443227 0.9210658000995913 0.08747954211644045 0.9287321539135933 0.08353819181188937 0.933221300817064 0.07661359467214668 0.930657470584773 0.06717938653661756 0.927254287131162 0.06006228583737361 0.9265098065900478 0.06543862532565323 0.9247384496052261 0.0739051073111812 0.9201995915515597 0.08271139570024548 0.9158510137462693 0.08849428019479197
0 0.8954172891307902 0.04338601786415177 0.8879108383444558 0.03718316036214633 0.88385306570027 0.03618137198562019 0.8785182272991021 0.03793499828900071 0.8856530111616128 0.05770728614256049 0.9028000214365827 0.0646008948155381 0.9011574956910591 0.055803574817586556 0.8954172891307902 0.04338601786415177
0 0.8423589435935848 0.06673832169998102 0.8316917987700286 0.07370632953799347 0.8294483287728085 0.08748085044354718 0.8373770454064535 0.09025625252244707 0.8423589435935848 0.06673832169998102
0 0.934876261570832 0.3161178933438455 0.9328788623283856 0.3227365423411485 0.9404902562185434 0.3229275580676162 0.9434949916599711 0.31993302535379503 0.9474523754063202 0.32469719045927714 0.9586483263159282 0.3311959199602082 0.9445284229034575 0.3329296261006998 0.9374213164264052 0.33455227915321795 0.942607660438265 0.3470389663293899 0.947717367672871 0.35203496227417475 0.9586368706069972 0.35856875977131797 0.9552602750361159 0.3631078469238075 0.9477850320530429 0.3640256913511266 0.9424572883604488 0.35268081880286495 0.935342167647948 0.33593201945323226 0.9259746045411443 0.33745777885471806 0.9231555951421054 0.339678372720603 0.917504321770742 0.35087127884932184 0.9103465375460482 0.35437461738147447 0.9042602938710462 0.35287188382532825 0.8977562025398287 0.35254603289330455 0.9001883000561296 0.3586208080760639 0.9045725038557769 0.3577080527118589 0.9125563164281578 0.35635219651214134 0.9183873809364119 0.36950973206970156 0.9113247368359062 0.3715013686545953 0.902560883442599 0.3710774143364236 0.9002648008184917 0.36611039155504976 0.8967441761199682 0.35117027390400296 0.8901403904585756 0.3546055899658199 0.8868945610062386 0.36250310430139204 0.8901430199054834 0.37522660939726654 0.8832209449031581 0.376076533336964 0.8829657657364101 0.3877313353383781 0.8925201574979402 0.3854337506110447 0.8936183516449063 0.38979784549865193 0.8949478368231458 0.393759098592787 0.8815677940312568 0.3946519511674079 0.8701210821459963 0.39755745086890804 0.8402148614400569 0.4034795033598816 0.8409645250402746 0.39813850996573225 0.8630682410251265 0.395048947625523 0.8669535422002086 0.3900729564530364 0.8821806121567279 0.3882033073545873 0.8820276106320039 0.37322414039661567 0.8849515631348668 0.36499170475519305 0.8890776862910741 0.35511051645615266 0.8883067538821227 0.34883177584510017 0.887626407391372 0.34329079833337045 0.8845095451932256 0.3339256184378643 0.8819002859869419 0.32412142100027247 0.8781342851013063 0.3163359655223611 0.8762320259830476 0.32144291257240515 0.8736354712330918 0.3277618102427839 0.8774921940518203 0.33628613657241935 0.8830563415344441 0.3449763847931103 0.8845984783821311 0.35753608152001803 0.8720436333553764 0.36057651840978827 0.8648049301772254 0.35884084626193796 0.8721271716355741 0.34294383487664726 0.8671028015455207 0.34093627681288236 0.8604038757599397 0.3458832948219582 0.8531385189845146 0.3347774556982019 0.8496579384714431 0.3224568943785136 0.8551998505478876 0.3195264028243155 0.8649765609436086 0.32132601414907447 0.8634291753222734 0.311016992203864 0.857116194821985 0.30766763539460823 0.856390555372134 0.3017577763332171 0.8439993454322925 0.3152771383699661 0.8359843250566497 0.3095122926403592 0.8426432066567786 0.3019457182999249 0.8532594720032567 0.2991433090649728 0.8505454057080414 0.29535206115532 0.8564047765428648 0.2950070637059554 0.8587248833173392 0.2887232340317888 0.8644936682339621 0.2876404734831015 0.872236522810326 0.2911887066575362 0.8696273996189345 0.2813856169723457 0.8641351986926857 0.28243441727722224 0.8622837533369602 0.2856617866000333 0.8463159921773057 0.28837239124706693 0.8445737721016069 0.28333623824295595 0.8541371362602191 0.2765386156700579 0.8587986186179014 0.2755906903269266 0.8632735443506414 0.2754168058144456 0.8640951545072337 0.2798148609458637 0.8693053866545684 0.28104958791409385 0.8683619827765134 0.2687930677540286 0.8722525327252443 0.26156640179984486 0.8818832892342444 0.2667572927990959 0.8939285980742451 0.26415386191203694 0.8946995304831964 0.27043260252308937 0.9009271738389322 0.2707935214513252 0.8964203457352694 0.26384791376959715 0.8937213311933382 0.2533058512499685 0.8912669982708581 0.2356103362923201 0.7852406734770304 0.24242849856915835 0.8110591450370552 0.44755317411858203 0.9918134799283781 0.4096113691902089 0.975168793511122 0.2740512768230715 0.9535927383024461 0.2785749463225283 0.9386466705273955 0.2781600623781835 0.9402722096403885 0.27308596781954886 0.951246808513251 0.27548850703807465 0.9749157188987108 0.27370678319954533 0.9687787873559008 0.2305920214784432 0.8924655813156608 0.2362120544509712 0.8948737906964872 0.2535387898416725 0.8955683583579687 0.25232905472614053 0.9068648341803053 0.2550665152505168 0.9110177469486788 0.25455660167978394 0.9172498084955096 0.2526669478090368 0.9185286159261082 0.25850888638280634 0.9141301909557304 0.2661723543742731 0.9071636535768584 0.2666532947815951 0.9064184081677356 0.26974371537676156 0.9120920529601706 0.27017265677533314 0.9169251762044025 0.27520261296392867 0.9222501544351968 0.2659253583283423 0.9264074853946658 0.2631648719586265 0.9241328075941839 0.2698186909348558 0.934861894265042 0.27937478457411546 0.9313981643696092 0.2809245300586121 0.9393723099772465 0.28406992143957466 0.9419049324062762 0.28638342764577923 0.935759174601443 0.2912625251672334 0.9413367126722443 0.29320216274337674 0.9419315860035505 0.2957535946216853 0.9433563473208701 0.2982042535209629 0.950685772432114 0.30067879652053714 0.9460934711690069 0.29074364320538787 0.9422820413093784 0.28258819842541383 0.9507693107123119 0.28304611298739624 0.9588936923828735 0.2805485441424825 0.9620657865346484 0.28578357351177247 0.9597002507861816 0.29169741388387643 0.9513037033163412 0.29197837017361794 0.9569275009436884 0.29428789506910985 0.961946622260094 0.29854612791457197 0.9593390399030095 0.30090009021466313 0.9639705390849226 0.3012965381407737 0.96805951953237 0.3094190284466244 0.976954833611883 0.313200200212763 0.964032818676554 0.31553683424702134 0.9528226465962153 0.3157888173733521 0.9441939775125479 0.31647271743927996 0.934876261570832 0.3161178933438455
0 0.8506133930658659 0.5373743354123967 0.849388714976558 0.5274001327903226 0.8514670331724614 0.5260204944730223 0.8532189202129038 0.5265553998964532 0.8523118368968671 0.519167799131614 0.8573549823636389 0.5121751795215357 0.8579133991180351 0.5098565842522168 0.8608185762441799 0.5106243262846377 0.8698189694424089 0.50839476402764 0.8693601110032958 0.5069510845507168 0.8743079803309876 0.5014690591354959 0.8692791920498386 0.5017120738707139 0.8644415145996194 0.49893158272870003 0.8665294997602665 0.4930506968307197 0.8442044218312714 0.49662396688970223 0.8422284474400152 0.5537762732880204 0.8466631929724114 0.5509817246917795 0.8448802341435995 0.5433272250914255 0.8506133930658659 0.5373743354123967
0 0.965344935512087 0.49216671405522006 0.968054447601315 0.4982074270114546 0.9666200193192516 0.5002580156928571 0.9656890478677405 0.5041223751359598 0.9667463672467014 0.5058670156749228 0.9691473929746326 0.5048221966807589 0.9735724715422851 0.5065288956651982 0.9762456630694951 0.5077006892262067 0.9755510954080137 0.5089104243417386 0.9751785407108985 0.5104561885155225 0.9749828756739818 0.5157291594393362 0.9743790299455931 0.5176777654065923 0.9726227247140559 0.5193934327821443 0.9672266305094401 0.5189315369094492 0.9676348112009121 0.5222559018660068 0.9715511841643638 0.5243995048704432 0.9756995427267503 0.526139056346292 0.9816586078917491 0.5220328919030867 0.9684599988458793 0.48091077253656556 0.953621453136009 0.4836581416175439 0.9576027755033841 0.4886172711456699 0.960461829087875 0.48901623361114355 0.962581022051784 0.4902560496424876 0.965344935512087 0.49216671405522006
0 0.8878910466238923 0.6670265347255017 0.8875282949064129 0.6640721590710068 0.8917763477989746 0.6620505435530148 0.8962519680993761 0.6618754493054184 0.9004449250532016 0.6639850920660442 0.9011849216886756 0.6631453462525749 0.9044165299702817 0.6619985445442647 0.9072764141373261 0.6623974050270239 0.9089277762650397 0.6666935794270097 0.9120642444224577 0.6670584796659581 0.9111020651676849 0.6638021371797364 0.910471565842022 0.6563805761710862 0.9127365766777601 0.6542280047755371 0.9147107823523936 0.6588601062510605 0.919417693684068 0.6582821702099919 0.9255536485092657 0.6579032125168165 0.9305780185993193 0.6599107705805816 0.9302196850729348 0.6547058221271035 0.9306873798942382 0.6516483560060606 0.9308377519720544 0.6460065035325859 0.9286225883014039 0.6462784914312147 0.9261859365791161 0.642453181295037 0.930439238245326 0.638180890995348 0.9319733608575648 0.6323691353201049 0.9342382356784107 0.6302154561721542 0.9324552768495987 0.6225609565718002 0.9300542511216674 0.6236057755659641 0.9272308235315332 0.628076942230832 0.9279617117550328 0.6317361265105259 0.9185150285591265 0.6486439966461697 0.9112212294422397 0.6510395827769369 0.9068966757873159 0.6455716148159428 0.9062421523112864 0.6494009062628333 0.9043400292079194 0.6545089610652787 0.899020299750774 0.661535540919168 0.8958385386342556 0.6608017591305579 0.8947864680289431 0.6568064438098979 0.8917363036135229 0.6594309872216565 0.8861988097281733 0.6601109059768715 0.883871519300804 0.6480231812661732 0.8821917148316286 0.657228432120711 0.8775158752883234 0.6649259623387028 0.8749237387294627 0.6689942872100986 0.871632480303133 0.676521812243608 0.8608828193912028 0.6553447748640309 0.8559589742138778 0.6495759478237112 0.8592358754545841 0.6487980276650622 0.8501821750618064 0.6322872559702477 0.847372968642403 0.6300077100078537 0.8422222506248996 0.6223911519620234 0.8416363682466544 0.6817048919001433 0.8906905860785521 0.6738073282685755 0.891112987940755 0.6703809805978714 0.8878910466238923 0.6670265347255017
0 0.9875830237800038 0.5565503177438178 0.9967462214825925 0.564799782616513 0.9882095056062633 0.5421928432343317 0.9815208042553685 0.543796731732131 0.9893545167797176 0.5480849435106911 0.9908200168501505 0.5531539490062116 0.9875830237800038 0.5565503177438178
0 0.9883977324336524 0.586071747639764 0.9856151796115235 0.5931623686532762 0.9861593751951887 0.5975944860112192 0.9814480456724188 0.6004229948512708 0.9882501258176359 0.612335727297087 0.9945052449173877 0.599194215201112 0.9963985316385642 0.5985873059966326 0.9943788969899382 0.5935852152190465 0.9975652123124439 0.5920695319610749 1 0.5894130701312376 1 0.5756674676193818 0.9995575497167151 0.5745330665271113 0.9921068385161973 0.5773673399821321 0.993848922577004 0.5824023852338417 0.9924100761038455 0.5867035467142273 0.9883977324336524 0.586071747639764
0 0.9986857880006486 0.651548188020563 0.9959166257666972 0.6518881983895277 0.9876560931890499 0.6532769070806547 0.979954113380691 0.6523481282548642 0.9786104070317208 0.6551375877879909 0.9733957566932908 0.6561534336187438 0.9700690082874968 0.6588119372743131 0.9591753283680916 0.6616484087357902 0.9673309178419147 0.6662715418202009 0.9950674038511963 0.6609914665299189 0.9937379186729567 0.6570302134357838 0.9986857880006486 0.651548188020563
0 0.7729062852120424 0.5310720267427506 0.7782073753073621 0.533046732315106 0.7759637692952498 0.5468201454682586 0.7717415394174089 0.5582120299448705 0.7811189055038482 0.5521861307151059 0.7859209569597108 0.5500964927267785 0.7888261340858557 0.5508642347591992 0.7920933683618184 0.5545875621812304 0.7892200936065967 0.5609393123430186 0.7806368534969219 0.5619932017110092 0.7744510515066371 0.5642527429011049 0.7807187390478247 0.5672332181606994 0.785002417934743 0.5700817317730491 0.7918097468536087 0.579743789437168 0.7993206158310382 0.5836960741401903 0.8055384562071384 0.588557132896705 0.8083378596469055 0.5953368186873774 0.8064668083319084 0.607564467666746 0.8017821324064132 0.6197631434827038 0.7967487899192773 0.6222556232645035 0.7937937656280448 0.623368464729003 0.7998515669615849 0.6383726235396727 0.8052698965723799 0.650455259187257 0.8083512687910618 0.654951417704823 0.8030903588960859 0.6555973762162275 0.7920899370085026 0.6438245680390815 0.7873119097030068 0.6346633535718683 0.7837406072568421 0.6216039214004562 0.7775636416487473 0.6193623169925859 0.7703703674445893 0.6179966341467985 0.7638475007366536 0.6266709608886181 0.7589262850062362 0.6415231532797451 0.754713722093139 0.648413790175677 0.7492723349294234 0.6475830127533204 0.7520887250017214 0.6682341131005792 0.7519429071298923 0.6716265005274727 0.7487023264512039 0.6772733400813475 0.7445992608479178 0.6759026701551601 0.7419162663410719 0.6792310164224304 0.7397731852416883 0.6892431605990282 0.7399909496698923 0.6955898216977022 0.837622718115302 0.6873521984011741 0.8155852429520207 0.5055848101956797 0.755829924291888 0.5121605861252321 0.7602946813970894 0.5176237082493789 0.765268373739502 0.5215119517927782 0.7687533724436687 0.5315819403134834 0.7729062852120424 0.5310720267427506
0 0.7073952065755613 0.5331168193847916 0.7068963039509966 0.52905358357651 0.7046999156570639 0.5203253938012955 0.7051223175192667 0.5168990461305913 0.692940993787073 0.5183947246162649 0.7073952065755613 0.5331168193847916
0 0.7430737429534697 0.6451652757136298 0.7347394750752605 0.6596865281096191 0.7288845224315319 0.6577809527600007 0.7288510528606544 0.6620883436704383 0.7233953085113155 0.6680071711229423 0.7204142396611294 0.6711944527546045 0.712266055384434 0.6734981649292759 0.7075591440527591 0.6740761009703444 0.7032754651658408 0.6712275873579946 0.7001033710140662 0.6659925579887046 0.6930959588671887 0.6638540440473821 0.6863098987570566 0.6658117203884653 0.6822619290925067 0.6603097921836604 0.6789232212835976 0.6582909156267291 0.6729636830951705 0.6509535806792668 0.6643999129298751 0.6430060826382985 0.664822314792078 0.6395797349675945 0.6652728014366175 0.6340955634157485 0.6705785312672651 0.6223749870633378 0.6747314440356387 0.6218650734926049 0.6658547693179517 0.6090826163002216 0.6641721993869765 0.5976657399709115 0.6687475140175531 0.5937294787294746 0.6611957702721183 0.5871577396778078 0.6570570786744755 0.5809169406212789 0.658615562445617 0.5752967241287612 0.6591592850058536 0.5682853420960368 0.654280732787629 0.5628853966053785 0.6499561791327053 0.5574174286443844 0.6511228598065849 0.5508996546088266 0.6528799956206761 0.5491838852505604 0.6551806324507707 0.5519014429853527 0.6603357686593692 0.5572674282322001 0.6683009418699246 0.5649128574587274 0.6714010894653246 0.56040883830245 0.6645988733052153 0.5484949981042325 0.662307208872203 0.5412774025238756 0.6661472170881847 0.5359325298017277 0.6732648211125346 0.529808527185815 0.6865729173480486 0.5191766260856266 0.6266221731914074 0.5253075003770639 0.6499392817820382 0.7083435756695579 0.7323528166531189 0.6974744558735129 0.7445108006824408 0.6637357064636739 0.7430737429534697 0.6451652757136298
0 0.4691272397189598 0.6223001659874955 0.47169886042599235 0.6216628171301364 0.4750211906406913 0.6212548862735502 0.4707235835335856 0.6156767866641456 0.47044285559382787 0.617318098958217 0.46803098097881185 0.6172926463857377 0.46463526733091004 0.6151390881965109 0.46393892119826186 0.6075108416494752 0.4640684651864822 0.6026744059359983 0.46849906676949427 0.6014872093900184 0.4700748358154758 0.6045085402070637 0.47178263273991805 0.6007635690990372 0.47590299884703785 0.5970428408283747 0.47141019587643446 0.5898818650201043 0.4722083677837473 0.5865701753584294 0.4766226756683548 0.5930987265282226 0.48042009910375566 0.5926324615591445 0.4828786055358645 0.5891169084518907 0.4853335254653951 0.5875291080341432 0.4893763630839646 0.583176960894691 0.49037663183014707 0.577590426548066 0.4844394995790089 0.5802478514998369 0.47973673219671814 0.5792184354906448 0.4763486140918496 0.573205946682487 0.47268418513235505 0.5669069154961804 0.47159151289478524 0.5599716432049163 0.4756342144984626 0.5556183883130628 0.49673179712743354 0.5449937147075754 0.46108147259701304 0.5508811644363474 0.46093811495971426 0.6242704446893497 0.4637041009476908 0.6252160740135706 0.46738482360558997 0.6237993574841039 0.4691272397189598 0.6223001659874955
0 0.518042629080641 0.5459112291233428 0.5204632018510285 0.5420798645989797 0.5042440361611827 0.5443771789334332 0.5108338928665952 0.5519384738838521 0.5157397236852013 0.5506940509777816 0.5193419512571046 0.5486449098098378 0.518042629080641 0.5459112291233428
0 0.5465131171627423 0.544322564915109 0.5524157662398449 0.5394204681043215 0.5565275702064855 0.5395576646829027 0.5622143126365542 0.5427162940612436 0.5633028398187767 0.551581636529531 0.5660384876880651 0.5483525238177116 0.572001676987652 0.5517988033266027 0.577887896351458 0.5546113464791873 0.5806064199397881 0.5590980834658557 0.5766259197237023 0.5717995107119597 0.577415529490536 0.5723457458995286 0.5810608023769539 0.5686833517413578 0.5829984143538215 0.568767036443615 0.5865886292975597 0.5725046805668227 0.5826849630023624 0.5858387364168319 0.583618025162808 0.5934379178903357 0.5860038427293754 0.5873596660021534 0.5907929727704798 0.5851647915356943 0.5935978590176237 0.5864272380467114 0.5979386474541363 0.5903931924182902 0.6029757820232969 0.6019873933369049 0.6047104665787414 0.6043460247068262 0.607409109966089 0.6184762620987744 0.60209825488719 0.6242704763574587 0.6038596910587445 0.6327316024529264 0.6067423778242229 0.6346276833375359 0.6047478811644316 0.6615468491443257 0.5845581637902557 0.6540631817652992 0.5810500304350918 0.6490302095910618 0.5792169705926685 0.6556826539879435 0.5820401823303356 0.6669066278261522 0.5787403226615071 0.6753460158329067 0.5715046988164592 0.6752696581154682 0.5643936433217304 0.6722870368442901 0.5619937813348794 0.6664747989806592 0.5606332243682705 0.6553939517096011 0.5539064823502984 0.6575051414738029 0.5573376457696815 0.6619043772917337 0.5588840058767557 0.6784261275936153 0.5539740300028021 0.681600620676709 0.5499398905396038 0.6820959507193189 0.5511535446249151 0.6880527121463499 0.5512149154299528 0.6964009864833142 0.5479583731054234 0.7032293370046445 0.539174003860288 0.7062363587005096 0.5343968864473487 0.7026444478758174 0.5312378888272443 0.7004618246130591 0.5297139992660408 0.6919715314613455 0.5256833102905285 0.6905380010620477 0.5252133287226197 0.6886672707672034 0.5277539167433025 0.68385638960892 0.5291386349811338 0.6833647740500767 0.5305276342892046 0.6809441960666114 0.5335390344603499 0.678003943220458 0.5335433155305893 0.6760749807958361 0.5317265493865708 0.6750116774769443 0.5288008173065778 0.6747288495825619 0.525011956011656 0.6713371897023962 0.5228419090772305 0.6693536076490488 0.5225436071277212 0.6630033418794021 0.520275184906317 0.6700308355928577 0.5159256983144332 0.6699216983181211 0.5182943916000424 0.6715592961284261 0.5159949366922887 0.6744132575409573 0.5110813743157571 0.6795155033135571 0.5080389414582622 0.6782822238587862 0.4996803072569561 0.6670958518140436 0.5021041945001371 0.6613345190953714 0.4865421703496975 0.671922698659794 0.48606362664130964 0.6739098932141936 0.48934277552660166 0.675114107595433 0.4893350439686762 0.6789719304619627 0.48762296597399446 0.6846458639946109 0.4817367466101885 0.6818333208420266 0.47810335033704365 0.6797078219566445 0.4720971157229422 0.6778747954379805 0.46774762913105833 0.6777656581632437 0.4677561912715375 0.6739077333140001 0.4693820426222978 0.6714591980094042 0.4760232525640099 0.6725721967381395 0.4842512775824228 0.6709187352230814 0.4820968297787404 0.6612206151890762 0.481276187325557 0.6565008477005829 0.4786267661001899 0.6565045621843494 0.4739239987178993 0.6554751461751571 0.471227115092886 0.6590199683213711 0.4680256307110361 0.6584482805613228 0.4658202700200215 0.6542201286316729 0.46943105973240373 0.6483130626144854 0.4696332925861656 0.6460393256819369 0.469481972619736 0.6428430945101302 0.47237680802827153 0.6389534978559895 0.4755867185357083 0.6356661530143929 0.47666478780022536 0.6307132530413604 0.47432643263330443 0.6332503972670953 0.4700547465597551 0.6337748943659511 0.46400091353111506 0.6354818677573332 0.4603676532728624 0.6333574766243524 0.46028464219425225 0.726849063455334 0.6409084028816121 0.691194685942263 0.5821715889912361 0.5306461538293583 0.5318368737391813 0.5385795018579358 0.5363665002256461 0.5558526593199861 0.5402105554781398 0.5518453886711745 0.5455871984472083 0.552471594077234 0.5465131171627423 0.544322564915109
0 0.23904763193020404 0.5563077406166608 0.2493723204498397 0.554076372109137 0.2571996022781992 0.5550437395220709 0.2600137747937281 0.5328433354340871 0.21264692264290713 0.5360055446615074 0.21570150728081158 0.5643164075303237 0.22010190676002755 0.5589555767007052 0.22611172787670722 0.5588608505298628 0.23904763193020404 0.5563077406166608
0 0.23776677021310752 0.6871343123198776 0.24180947181678486 0.6827810574280239 0.24294463081610015 0.688105394216578 0.24435623668493373 0.6937173811356822 0.24300255113345207 0.6983825289954502 0.23999115096230686 0.7013227818416035 0.23607716276429627 0.7008397030026943 0.2352409211803698 0.7038344734948588 0.23215958806370768 0.7022843768532914 0.23802588833727983 0.7598669701809259 0.24717099584189045 0.6793633375641212 0.22988570210938217 0.6788623560789893 0.2304923821237844 0.6867422451680443 0.2338923768419258 0.6869668409326491 0.23455755427333225 0.6904204474263589 0.23776677021310752 0.6871343123198776
0 0.08170163584298776 0.6128198047753419 0.08526068208548408 0.6123828088452239 0.09016292640151206 0.6130661386286598 0.09010072501392065 0.6047179662744095 0.09555931355667105 0.6040477358770383 0.09960546564803431 0.5977656205432769 0.1044334959483059 0.595887563263614 0.11137707379309263 0.6033908088311601 0.11448874502844286 0.6091156475087673 0.12279457056519032 0.6080958203673017 0.1299100431450507 0.6091505869662593 0.13337568973846942 0.6157944946432066 0.1357098998500431 0.615187420594495 0.13806813521794675 0.6030067759634804 0.14515672016680486 0.5979579400844903 0.15286302014742312 0.5999038183616572 0.15851597397111772 0.6008165661458659 0.1634951882229266 0.6021336322856083 0.17218974432156237 0.6042797615073022 0.17737202200968677 0.603322988731782 0.18223453548399388 0.6036896033111356 0.19094124022568681 0.6000500549940795 0.19468678417630966 0.6050527523596694 0.20291149472192888 0.6053292590389203 0.20924080802264133 0.6039089300084014 0.20788025105603233 0.5928280827373431 0.07136389906075877 0.583557973286098 0.06620586140315177 0.598939625307506 0.06886838814670906 0.6044328764971193 0.0724627481457946 0.6062404504433039 0.07731683549451479 0.6104660976243028 0.08170163584298776 0.6128198047753419
0 0.17629585406130807 0.705404774910259 0.1668463073847662 0.7049581901124145 0.1705186039170784 0.7074005061845928 0.1775130946491974 0.7094337836477835 0.18242151581269142 0.725864318297161 0.1878749927026486 0.727123152307126 0.19276439380795796 0.7335933693644274 0.19508286877389636 0.7406997255439723 0.19482474739490124 0.7503736027406135 0.18482313756187657 0.7493516156989541 0.18362850353474988 0.7533551718639993 0.1920119935749397 0.7529678713437248 0.19483506929771455 0.764190737429532 0.1950217030207332 0.7696315384776412 0.19549441094842196 0.7891783340803349 0.22796700358774533 0.7848696075136996 0.2136627839671037 0.6487533977083142 0.20508479263107754 0.6475566122946078 0.20807339774185873 0.6738538100621916 0.16791972349903453 0.6720137302300032 0.19454789042163373 0.6755257780687964 0.19720607883935445 0.7089442260064196 0.19024607128127097 0.7091556204022457 0.17629585406130807 0.705404774910259
0 0.09944608271396997 0.7897124386979714 0.09434412685208554 0.7716988238842999 0.0881166393260376 0.7621792167061086 0.08818398192666671 0.7489946086383811 0.0801666158876025 0.7445153006192456 0.07309024861878398 0.7810574384777176 0.06293317376398247 0.778769290441275 0.0673438261090293 0.7499466147823427 0.06209161547538809 0.7464130380701421 0.053156267330590014 0.7835050236172354 0.039720043590496315 0.780012661199553 0.05081153026432848 0.7330148757063953 0.044135701133688664 0.7296560973662419 0.03821499859584713 0.7245988823546406 0.03480095945742227 0.7124837968382225 0.03387576486979419 0.7010279002505905 0.035518740501512804 0.6908635152475071 0.042482198547282225 0.6887232604097733 0.047960531276123 0.678408421854721 0.04249426972209257 0.6633192621097355 0.023487320252107702 0.714516124136335 0.03507198064999077 0.8088656116671327 0.12703200060776393 0.7966095603818839 0.09944608271396997 0.7897124386979714
0 0.2613882271247334 0.9717194694104399 0.20868135908063223 0.8955954935249201 0.19205769537897227 0.903421933099003 0.19271859174013925 0.9088045020173346 0.1907732482053461 0.9125786401816072 0.18665702715357377 0.9143692982752466 0.17987747647104305 0.9042742888532402 0.1707000955937799 0.9060443166105678 0.16933084047179955 0.8988202864363519 0.16562406076545183 0.894133298505157 0.15743493600620614 0.8961035772070112 0.15801375077879903 0.9027814741763723 0.15622815333602227 0.9058928109108063 0.1603711260039047 0.9102046475427134 0.1660232492450456 0.9111174973096361 0.17411413473220486 0.9181594021269859 0.1885696472766656 0.9260255477901194 0.18733611299037164 0.9297122867683681 0.18203382005195184 0.9316485761778089 0.16832459993002574 0.9259397031876686 0.16093364707809302 0.924598292227848 0.16029950233303608 0.9253182180350625 0.16005422416475967 0.9292052079578381 0.16402888860014647 0.9380377708688276 0.1631451846165736 0.9445736490234393 0.16427675711331075 0.9518257385014998 0.1670428791161796 0.952772475578122 0.16821335187208403 0.9603413822429786 0.1706209454168605 0.96229579724008 0.16946079456376933 0.9685440252641419 0.16471484585207183 0.9691267544927754 0.16259501723731717 0.9616744140701883 0.15928553023333686 0.9562954576529089 0.16328863701018548 0.9516265953093745 0.16227791034629746 0.9433948872146795 0.15844241723428296 0.9435442330142472 0.15382076484312046 0.9412184831843383 0.15189958257954955 0.9334201585187094 0.1592215690834112 0.9302722257604964 0.1595100285810945 0.9247730905998951 0.1543398995360273 0.9199441858366653 0.15133291645001384 0.9209565840105981 0.1480572180524076 0.9178235091874509 0.14744996093835294 0.9246470374726133 0.14335621043245114 0.9344691527164208 0.14437563525171035 0.9388440437142733 0.14503211452774564 0.9461544673048256 0.14367414790602445 0.9527485775892155 0.13781909724346025 0.9541106744899569 0.1313420504788964 0.9504070196591627 0.1304910699070248 0.9415125101346294 0.13473600436446392 0.9348855183102274 0.13190851155655736 0.9255905068966405 0.12553946741412397 0.9266941207230774 0.12387057074884902 0.9307559090179002 0.12050934027498279 0.9308470226876903 0.11842823864878733 0.9472485694617934 0.11778553176325138 0.9518264201182515 0.11319932914357027 0.9517463479170468 0.1127716983225147 0.9482635743670909 0.11522592368438382 0.9466769836844591 0.11719625907295299 0.9313302807075707 0.10960997434263024 0.9284048857964832 0.10450991425797211 0.9280674382733756 0.10032459084323656 0.9253676448965796 0.09827897624423829 0.9204766915370917 0.0961936308035192 0.9152690229735214 0.10185431618513921 0.9123239478912002 0.10372199521649002 0.9079172831057367 0.09818643673795875 0.9079537771468014 0.09372466645370499 0.9049663336394553 0.09017693827171218 0.8996177540135374 0.09157449972026219 0.8933392511808282 0.09541855497275575 0.889331980532017 0.10297297643417529 0.8880839451248941 0.10333564994761488 0.8851461970273917 0.11112453299451697 0.8779592487563177 0.11031245268181263 0.8693815564185806 0.11293084122083004 0.8652043096338897 0.11744435497496979 0.8627216830541661 0.12143959417900081 0.86190953582476 0.12440339593560742 0.8625092828886529 0.12736388321942035 0.8650389981468548 0.12913388153145391 0.8696421993930787 0.1337588483954102 0.8700379810286785 0.13735334440938776 0.8718466627272644 0.13661906461501802 0.8639026047631196 0.14037675720869808 0.8631196245899595 0.14235313342984085 0.8635190187266115 0.14599509184346493 0.86178659276275 0.15200919403038407 0.8597629041672856 0.15544380793745308 0.8622332795433086 0.15851740949618973 0.8676411990514057 0.16073491883026164 0.8660836734423054 0.1598589464046142 0.8687617287303879 0.16044204224744663 0.873510663275127 0.16257401950525846 0.875177326158964 0.16660387789821718 0.876610958540976 0.17228716984059994 0.8816984483612245 0.17624350878546363 0.8805694839450222 0.18244507527795514 0.8839864944149532 0.18215219869514007 0.8914134842477749 0.18320610668843496 0.8980330471046442 0.18747779276198417 0.8975085500057883 0.19240954461414672 0.9023667238079784 0.20729520928756848 0.8941116210582833 0.16067237637590337 0.8204543060650202 0.045060137132560615 0.8450857517406982 0.06327630596566722 1 0.23770154542585495 1 0.2634442996414371 0.9904286652112477 0.2613882271247334 0.9717194694104399
0 0.28282837418298373 0.8749837335456541 0.28480868916736995 0.8720025385548107 0.29020334289963995 0.8705575391256517 0.28872606298999276 0.8633051679691389 0.28897716523608546 0.858188435886818 0.2951916139719085 0.8562514686684077 0.30005047179552474 0.8576114240425928 0.3040151788006308 0.8492995512926031 0.3120568891083859 0.8479208438038477 0.3113943605685126 0.8425249818566993 0.3051950427340274 0.8374165180792621 0.3031734047983831 0.8376647440054947 0.30070476310271854 0.8438374993877655 0.2962296143727477 0.8432130497004218 0.2921381747364221 0.8433241056999193 0.29114431391916606 0.8352297589029962 0.29432633582075124 0.8324911980227698 0.3009194500164403 0.8336382134898168 0.30356146295814623 0.836052982428836 0.305347265563928 0.8338771653414785 0.3101215442901364 0.8297691710470676 0.3154164880236604 0.8299016529451603 0.3168660507331723 0.8273769357590451 0.315577967538566 0.8216654481928594 0.3218914317054734 0.8181522093823134 0.33141967860788063 0.8193290210355532 0.3307673733504581 0.8092373128435749 0.270879762269331 0.811103256574321 0.269733052721325 0.8304249728860009 0.2808055286982106 0.82984806302449 0.27724521830333454 0.8748866396493703 0.28282837418298373 0.8749837335456541
0 0.35982219942873256 0.818972106945705 0.36280563191537984 0.8193884067372675 0.36112976259079466 0.8152908962525434 0.3614230183706991 0.8129070312521189 0.3654206222246119 0.812024877598543 0.36960672822590396 0.8126848172704098 0.3725334348301709 0.8174113634884058 0.36616759384700087 0.8228875814618857 0.3713061016993987 0.8289077911136635 0.37235164476525584 0.8350403684827686 0.37706919760908375 0.8352426206147916 0.3764110181353283 0.827499491404143 0.37834386392233915 0.8241316908252163 0.38576015559025345 0.8224384654698248 0.39421847184046055 0.8292249827643241 0.39487595674655457 0.8369693217100883 0.40309760708434555 0.8418283498261768 0.40462643322770164 0.8471178438024705 0.41299443217906007 0.8507860981621054 0.41749812869172 0.8611875342093631 0.41794360730152497 0.8552643164711549 0.4205483743283063 0.8525966335772603 0.40731105331919776 0.8068813794105608 0.3430326817968891 0.8076222503974118 0.3446000327829258 0.823971630950977 0.3488385156004804 0.8226685914599102 0.3516900358072366 0.8172314437471948 0.35982219942873256 0.818972106945705
0 0.41911745767176695 0.9269255009855655 0.414634766276778 0.9071300549611309 0.40296907394119674 0.9148233757875349 0.40616437670924077 0.9289061245106683 0.4098578069331367 0.9351048918374627 0.41026923322691733 0.945617485866932 0.410206633128204 0.9522763112746958 0.41120049394546 0.9603706580716189 0.4042100649050028 0.9655322561957483 0.3993985402638699 0.9645577986572456 0.39990393835495547 0.9758425980931943 0.40128150826585685 0.984672450576959 0.39308757512820114 0.9895905108034981 0.38736241970110213 0.988336923400168 0.38523519755037905 0.9925112096349821 0.3804186292754667 0.9938852290950951 0.37667282223530824 0.9896494409312343 0.37382315206343114 0.9712198480447427 0.36767717764265445 0.9641494108740591 0.36208310391289295 0.9687493729577211 0.3568354933618521 0.9690023888953105 0.3537151049615344 0.965081118598086 0.35028536328252846 0.970588138527446 0.35041292649630174 0.9787888532952239 0.35604424614098784 0.9792713430444756 0.3580041145604725 0.9856818405432927 0.3594290176538571 0.9948971908627391 0.35668209480809493 1 0.4509555424657624 1 0.4316823444596376 0.9265555312847203 0.41911745767176695 0.9269255009855655
0 0.31938579155717645 0.9792622545908974 0.31375951554626963 0.9764312878430299 0.31247744258288845 0.9683723290479158 0.3127809216452437 0.9612926178026611 0.3053164662122926 0.9626004473050849 0.2997900362150237 0.9581931069823673 0.2977531313631493 0.9654856561520457 0.2904315060602015 0.9679498771788015 0.2848948527804819 0.968238383100914 0.2774406206299816 0.9648503663585078 0.2743296249295611 0.9562333517991671 0.27141115555797357 0.9706765921831465 0.2659626767028103 0.9710858326400903 0.26917734649905845 1 0.3183355466079286 1 0.3163726558206226 0.9929344993035123 0.31938579155717645 0.9792622545908974
0 0.5902129206377769 0.9876810900593391 0.5868002959098803 0.9622770461460461 0.5753390672055699 0.9644669273193317 0.5579532630766691 0.9685581837437901 0.5468107803509443 0.9566240304283751 0.5440361605616859 0.9483570237201937 0.5417872494135224 0.9419820162058998 0.5262142705228772 0.9536757536207443 0.5214398557817767 0.9577826401627536 0.5192753877161289 0.956874474564654 0.5362611963828288 0.9829586743132932 0.5362366727815935 0.9946998495712563 0.5902129206377769 0.9876810900593391
0 0.5966900319555553 0.9066796977320587 0.6014295637980778 0.9190087249404411 0.603357600586564 0.9365034900462798 0.6104404753069617 0.9374644317541705 0.6079619279299326 0.9029478252160448 0.603675281347341 0.9038654688541434 0.5966900319555553 0.9066796977320587
0 0.5471519524335936 0.7946058196216914 0.5593374791939367 0.7911530769705047 0.5731001318775653 0.793376331900981 0.5734188778561508 0.7792522974122803 0.5125360861093712 0.7789870302919576 0.5242963081749121 0.7899783815445969 0.5234723001201333 0.7928187243497495 0.5316086767928547 0.7922110125323584 0.5471519524335936 0.7946058196216914
0 0.7087703173430632 0.9555117659173729 0.7100375770061927 0.9252309475431076 0.7204176851784062 0.9333456124862245 0.7200915325496949 0.9282997583902353 0.7134191549201618 0.9193385317607795 0.7165546742218174 0.9162143710621571 0.7151720606771368 0.9097329955770082 0.7194731435934048 0.9017711306781777 0.7196448463907611 0.8888390796810469 0.7191065514508688 0.8701245611486839 0.7268272887785842 0.8613526303177247 0.7206381942265497 0.8515483202954574 0.7163946677752158 0.8551998367851402 0.7091719218884603 0.8560866784673588 0.7053643453321421 0.8585096137285475 0.7029531240865194 0.860370912949269 0.6991550762449904 0.8580992117007433 0.697053208278056 0.8505322206948801 0.6973143977917073 0.8407185346153275 0.686266581430949 0.8295553769712767 0.6988408609187169 0.8244896630083156 0.7041604642683683 0.8128820774008465 0.7122866176586391 0.8169702118282853 0.7153952503427132 0.8040688608043205 0.7253546755361412 0.8063677837324852 0.7328460175866739 0.8148371445554039 0.7295458251712125 0.8046792464057362 0.7264398731045713 0.79371375484778 0.7172921416969092 0.77175418528079 0.7470689028148702 0.7587077523217134 0.7576086404671101 0.7824529531117361 0.7649827786012124 0.7780268606744482 0.7689432725550929 0.77206336294036 0.7711119536719664 0.770623153522558 0.780389234343173 0.7769178050105203 0.7874073805837654 0.7815332952290192 0.7934047793895203 0.7682772483252526 0.7957154600538434 0.7679935324144969 0.8077250709656048 0.7798212157763429 0.8083402663229947 0.784831579887809 0.8084822658704445 0.7859880733948553 0.8072220358908655 0.790054781923699 0.7976311888897448 0.7955367956782228 0.7917589902814169 0.795475191766462 0.8065474340336622 0.8132215068205879 0.8107437633174053 0.8091856002476245 0.8239239814775582 0.8138271024106469 0.8229250770265228 0.8080812326123394 0.8195258691799772 0.7994996060548075 0.8192985959674581 0.7928763726142812 0.8268052049342209 0.794301410193754 0.8278463989339603 0.8027812548263593 0.8248528791797544 0.8070619090320281 0.8266613553518921 0.8170116572859147 0.840986826576648 0.8262082554907906 0.8526744979109238 0.8306417097407458 0.8400245190441777 0.7801586235904829 0.8176370269616571 0.7817335331164241 0.8112360621282262 0.758262774162586 0.8171716914178212 0.7516654506838689 0.8187302208110839 0.7428664001559847 0.8249067290643209 0.7358481908397767 0.6856452533906683 0.7528427758585481 0.6766969349278804 0.9164136950963624 0.6847472594348901 0.979588772639693 0.7086306808119599 0.9758736379936316 0.7087703173430632 0.9555117659173729
0 0.7985641701388837 0.9010589705128187 0.8017748758380501 0.9080985037449079 0.8074433053827688 0.9136623375746715 0.8275470034185476 0.9221483342848285 0.8364159153799818 0.9394475475915115 0.8477352805517343 0.9361022806635809 0.8430207852919145 0.9574171843797477 0.8706085547429927 0.955203761080535 0.8567318852312248 0.8469664655089261 0.8544584504818262 0.8523326332525952 0.855026312656733 0.8569574995283793 0.8485607616748172 0.8640111988291104 0.847631863972621 0.8707763922077291 0.8434254474213194 0.8795092527779236 0.8364021215320555 0.8772411318056392 0.8069074565407327 0.8567554749250277 0.804389353165815 0.8553498684236708 0.8087874654633959 0.8696773647795097 0.7999865742010297 0.8887548474965585 0.7985641701388837 0.9010589705128187
0 0.8688854858864324 0.8247415278620668 0.8761928108705958 0.8293226358484438 0.8811267190768307 0.8408451774009391 0.8871036713176836 0.8369808229868324 0.8882321250322637 0.8270617747061122 0.8811665095942958 0.8220596788995301 0.8724048502966255 0.8223539806026867 0.8738119874425413 0.8170941808298722 0.8713265463968538 0.8087927918895692 0.8743294588509567 0.7998163934217843 0.881883401000203 0.8016269288369392 0.8873770701635572 0.7986056578156443 0.8880169251370743 0.7918759544215488 0.8818978373338794 0.7945827075762075 0.8770288922427044 0.7979197061992541 0.8727625562101224 0.7894445495952914 0.8702489233073359 0.7815109449291681 0.8698511165220857 0.7776736801338492 0.8701030493507323 0.7725568460688141 0.8653482505919797 0.7672721421038776 0.8688854858864324 0.8247415278620668
0 0.8844354142441466 0.7555382266758673 0.8832648069957548 0.7627244078746911 0.8864332231462171 0.7670299662724823 0.886460245778691 0.7768082643502259 0.8874118170472431 0.782168636312851 0.8882636783170493 0.7891064896027278 0.8927912038632829 0.7877679601271379 0.8915463768148264 0.7847914531649373 0.8936727683829957 0.7806172689128374 0.9030641953866245 0.7782902178128166 0.9008626174209449 0.7723007081342048 0.905779031709495 0.769350315099242 0.9039712501050186 0.7593993571102402 0.9015423989268193 0.7467866139911019 0.9079555730924727 0.7416958938533045 0.9057590387605716 0.7333579071760771 0.865018768349476 0.7407069166548956 0.8656176231646988 0.7527459934934742 0.8703991217629616 0.7463072462388698 0.8735338104820635 0.7431831875229614 0.8785826956032743 0.7460839245047592 0.8844354142441466 0.7555382266758673
0 0.9012898236124226 0.821154085102741 0.9029379757368726 0.8154745072448367 0.9049080674388081 0.8171891584988238 0.9079861662904216 0.8183764539617503 0.9120834801430803 0.8159168189809229 0.9127654886504095 0.811919982668724 0.9177342797552221 0.8070066104708274 0.9190890400848755 0.8037097898609463 0.9227504040425183 0.802478736108613 0.9209417918554884 0.7925278801023251 0.9179430924526109 0.7991559035542083 0.9110998426082751 0.8031266259391698 0.9081535200216603 0.8077916702281195 0.9022856704794503 0.8053827990528586 0.9027013098244565 0.8135470180664262 0.8985997829205721 0.8183550280631554 0.894166787724413 0.820463445457708 0.891939866657712 0.8238257491823067 0.8963159888738306 0.8284159342992531 0.8980494146633496 0.8282030963748293 0.9029606493032285 0.8276000725860806 0.9012898236124226 0.821154085102741
0 0.92619323849118 0.7445424907187229 0.9239864808768281 0.7409003502863256 0.9280365975618956 0.7380563252222174 0.9322903472956803 0.7297089624877049 0.9157862215358484 0.7314295631251978 0.9183180513321098 0.7353365164565616 0.9169538983025591 0.7433290813285585 0.9199796203379103 0.7464793559544189 0.92619323849118 0.7445424907187229
0 0.9568074753084499 0.7669776661027368 0.9669510535831394 0.7731659496198444 0.9676956621891815 0.7625102878998817 0.9670381772830876 0.7547659489541176 0.9670949031654679 0.7504557025276839 0.9733135649525169 0.7461703602933722 0.9793954068407874 0.7383811553058 0.9842871615132103 0.7471708297763987 0.989041960271963 0.7524555337413352 0.9947103898166814 0.7580193675710992 0.9947949689140894 0.7634873172396949 0.9902993736192169 0.7722545600420112 0.9844170877433301 0.7768899101274821 0.9780141368601278 0.7772847840204495 0.9739269102750278 0.7750474650040454 0.9698304270049227 0.7775069980021587 0.9834737537074574 0.7906993247668324 0.989398329132048 0.7887979495156594 0.9982353108421214 0.7986684494956159 0.9970121907625747 0.8078165021049717 1 0.8094520078165093 1 0.7194593146238394 0.9379258799915922 0.727843077221055 0.9474346469265438 0.7384125871336424 0.9482391750138669 0.7449649425878371 0.9491908822973109 0.7503264223028636 0.9451838857435011 0.7559043202185557 0.9404631822759381 0.7562669303054446 0.9425242936323975 0.7605150427321588 0.9459911452114358 0.7600893668833111 0.9523838728121877 0.7643903392351736 0.9568074753084499 0.7669776661027368
0 0.990064941218864 0.9064811796760222 0.9878489269195073 0.9075358912581422 0.9879385496506945 0.9106553639281222 0.9822496735410745 0.9144832225880183 0.9745596060607115 0.9091676146844871 0.9688387996997303 0.9055667600176569 0.9623185088852052 0.8930650728980162 0.963005697041206 0.8867208673396029 0.9612444180366595 0.8771555091689972 0.9661759632265478 0.8671596851381871 0.964101117892087 0.8693709922100675 0.958135734589406 0.8685573264004803 0.9527842009883939 0.8727361986812229 0.9473895472561239 0.8741811981103819 0.9508461755527116 0.878451368506364 0.9446181210657656 0.8874324550027917 0.9361732216969095 0.8974683550640534 0.9290078962601959 0.8940437405847224 0.9269330509257351 0.8962550476566029 0.9269280072919559 0.8986035246552188 0.928325057170313 0.8980406788796358 0.9321180613780626 0.9026608571267772 0.9328279231004192 0.9084422169096076 0.9313741473396817 0.9133153091116244 0.9266987480296652 0.9158459240614978 0.9258223631586242 0.9206492460295841 0.9179080800497499 0.9302275605337164 0.9149813734454831 0.9255010143157201 0.909342647150671 0.9058486359817787 0.9094670167655441 0.8925310871489653 0.9059402457052252 0.8757487458236559 0.9011906265951442 0.8681166726125047 0.9000547662304385 0.8588658323085354 0.8958060601304331 0.8648647180444323 0.901814572166681 0.9376819295084587 1 0.9195365963472371 1 0.9082253572601248 0.9944360308839713 0.9110303779541177 0.990064941218864 0.9064811796760222