0 0.20920502092050208 0.5004988839285714 0.20753138075313804 0.46086495535714284 0.18828451882845187 0.49938281250000005 0.20920502092050208 0.5004988839285714
1 0.20920502092050208 0.5004910714285715 0.20753138075313804 0.46085714285714285 0.18828451882845187 0.499375 0.20920502092050208 0.5004910714285715
1 0.4171548117154812 0.49938281250000005 0.41631799163179917 0.3056640625 0.30585774058577403 0.4999408482142857 0.4171548117154812 0.49938281250000005
0 0.4167364016736402 0.4463515625 0.403347280334728 0.45695758928571434 0.402928870292887 0.46086495535714284 0.39958158995815896 0.46365625 0.39163179916317986 0.4619821428571428 0.3841004184100418 0.45639955357142864 0.3811715481171548 0.44188504464285716 0.3828451882845188 0.43295424107142855 0.38158995815899577 0.43295424107142855 0.37824267782426774 0.4363035714285714 0.3723849372384937 0.43686160714285716 0.36401673640167365 0.43518638392857145 0.36066945606694556 0.43072098214285715 0.3594142259414226 0.43462834821428575 0.35564853556485354 0.4385357142857143 0.34937238493723843 0.43741964285714285 0.3456066945606694 0.43351227678571436 0.3343096234309623 0.45249218750000003 0.3384937238493724 0.4552834821428572 0.33974895397489535 0.4603069196428572 0.33765690376569035 0.4664475446428572 0.33514644351464434 0.4725881696428572 0.3393305439330544 0.4759375 0.3405857740585774 0.4764955357142857 0.34518828451882844 0.47537946428571426 0.34853556485355647 0.47984486607142857 0.34309623430962344 0.48710156250000003 0.3364016736401673 0.4837522321428572 0.3380753138075313 0.47705357142857147 0.3343096234309623 0.4720301339285714 0.3309623430962343 0.4781696428571428 0.3230125523012552 0.4826361607142857 0.3184100418410042 0.47928683035714287 0.3091004184100418 0.49609375 0.41631799163179917 0.4999408482142857 0.4167364016736402 0.4463515625
0 0.38451882845188284 0.4463515625 0.3857740585774058 0.4519341517857143 0.3878661087866108 0.45695758928571434 0.3933054393305439 0.457515625 0.39874476987447693 0.4580736607142858 0.401673640167364 0.4547243303571428 0.3865062761506276 0.4319196428571429 0.38451882845188284 0.43965290178571426 0.38451882845188284 0.4463515625
0 0.405020920502092 0.3347064732142857 0.405857740585774 0.3386138392857143 0.41004184100418406 0.3402890625 0.41255230125523007 0.3319151785714286 0.41589958158995816 0.32968191964285715 0.41527196652719656 0.30845424107142855 0.402510460251046 0.33135714285714285 0.405020920502092 0.3347064732142857
1 0.6215380753138076 0.4982667410714286 0.6227933054393305 0.4625401785714286 0.5594142259414225 0.2682779017857143 0.4382845188284518 0.2679966517857143 0.44036652719665276 0.5004988839285714 0.6215380753138076 0.4982667410714286
0 0.44120251046025094 0.3369397321428572 0.4478979079497908 0.33303125 0.45250041841004185 0.3280078125 0.45584686192468615 0.3257745535714286 0.4596133891213389 0.32744977678571424 0.465471129707113 0.3246584821428572 0.46086861924686195 0.31684375 0.4596133891213389 0.3056785714285714 0.4621230125523012 0.3028872767857143 0.467563179916318 0.3056785714285714 0.4725832635983263 0.3134944196428572 0.4763497907949791 0.3123772321428572 0.4780234309623431 0.3051205357142857 0.4780234309623431 0.30177120535714286 0.4746753138075313 0.29618861607142855 0.4805338912133891 0.29228125 0.48304351464435136 0.2911651785714286 0.48931966527196646 0.29563058035714285 0.49224937238493727 0.3051205357142857 0.49643347280334726 0.30009598214285715 0.49936234309623434 0.29172321428571435 0.5068937238493724 0.29004799107142853 0.5073121338912134 0.2833493303571429 0.5102401673640167 0.28223325892857143 0.5144242677824267 0.28669866071428574 0.5194460251046025 0.28558258928571434 0.5215380753138075 0.28055915178571433 0.5244669456066946 0.28055915178571433 0.5278142259414226 0.28390848214285713 0.5265589958158996 0.2883738839285714 0.5265589958158996 0.29618861607142855 0.5303246861924686 0.29395647321428575 0.5386928870292886 0.29395647321428575 0.5391112970711297 0.3006551339285714 0.5466426778242678 0.30344642857142856 0.5474794979079498 0.3051205357142857 0.5558476987447698 0.3095859375 0.5529188284518829 0.3095859375 0.5566845188284518 0.31070312499999997 0.559613389121339 0.3067946428571428 0.5625414225941422 0.3162845982142858 0.567144769874477 0.3246584821428572 0.5688175732217572 0.33024107142857145 0.5688175732217572 0.3347064732142857 0.5679815899581591 0.34252120535714287 0.571328870292887 0.3430803571428571 0.5730016736401673 0.34419642857142857 0.5730016736401673 0.3469877232142857 0.5730016736401673 0.3508950892857143 0.571747280334728 0.3559185267857143 0.5709096234309623 0.3631763392857143 0.573839330543933 0.36150111607142854 0.5801154811715481 0.35759375000000004 0.5855539748953974 0.3564776785714286 0.5591949790794979 0.2671607142857143 0.43879748953974895 0.2679966517857143 0.43994811715481175 0.3380558035714286 0.44120251046025094 0.3369397321428572
0 0.44245857740585776 0.4083917410714285 0.44957071129707105 0.41620758928571433 0.45040836820083685 0.42513839285714283 0.45626610878661084 0.4301629464285714 0.46086861924686195 0.4385357142857143 0.45626610878661084 0.44300223214285717 0.45668451882845185 0.4491428571428572 0.4571029288702929 0.4625401785714286 0.4571029288702929 0.4764955357142857 0.45877656903765696 0.4809609375 0.4633790794979079 0.48710156250000003 0.467981589958159 0.4865435267857142 0.4742577405857741 0.4804029017857142 0.4784418410041841 0.47761160714285716 0.48388117154811716 0.46365625 0.49015732217573216 0.45919084821428574 0.4972702928870293 0.4619821428571428 0.5027096234309624 0.46533147321428575 0.5031280334728033 0.47705357142857147 0.5001991631799163 0.47928683035714287 0.5018719665271966 0.4848694196428571 0.5102401673640167 0.4865435267857142 0.5165163179916317 0.48765959821428567 0.5211196652719665 0.49045089285714283 0.5294878661087866 0.49435825892857144 0.537436820083682 0.49882477678571424 0.6232108786610878 0.4999408482142857 0.6232108786610878 0.4686808035714286 0.6160987447698745 0.44579352678571427 0.6135882845188284 0.4463515625 0.6056384937238494 0.4424441964285714 0.6018728033472803 0.43741964285714285 0.6094041841004184 0.4402109375 0.6135882845188284 0.4379776785714286 0.5955966527196652 0.3855044642857143 0.5914125523012552 0.3843883928571429 0.5922493723849372 0.3927622767857143 0.5922493723849372 0.4005770089285714 0.5964334728033472 0.41676562500000003 0.5935046025104602 0.41620758928571433 0.5893205020920502 0.4028102678571429 0.5859732217573221 0.41118303571428577 0.5884836820083682 0.4150904017857143 0.5935046025104602 0.42123102678571434 0.5914125523012552 0.43351227678571436 0.5897380753138075 0.4256975446428572 0.5822075313807531 0.4145323660714285 0.5742577405857741 0.4206729910714285 0.567563179916318 0.4145323660714285 0.567563179916318 0.4083917410714285 0.5608686192468619 0.40950892857142857 0.5608686192468619 0.41620758928571433 0.5721656903765691 0.42513839285714283 0.5730016736401673 0.42960491071428575 0.570492050209205 0.43574553571428576 0.559613389121339 0.4463515625 0.5508267782426779 0.4497008928571429 0.5529188284518829 0.45137499999999997 0.5566845188284518 0.45863281250000004 0.5499891213389121 0.46365625 0.537436820083682 0.4547243303571428 0.5253037656903766 0.45863281250000004 0.5094041841004184 0.45305022321428573 0.5102401673640167 0.43741964285714285 0.4951782426778243 0.42513839285714283 0.4947598326359833 0.43518638392857145 0.49224937238493727 0.44132700892857135 0.48722761506276147 0.4407689732142857 0.4822075313807532 0.43965290178571426 0.4822075313807532 0.42737165178571435 0.4796970711297071 0.42904687499999994 0.4792786610878661 0.4402109375 0.4780234309623431 0.4485848214285714 0.4763497907949791 0.45919084821428574 0.4742577405857741 0.4681216517857143 0.46588953974895403 0.47984486607142857 0.4637974895397489 0.4675636160714286 0.466726359832636 0.4642142857142857 0.4704912133891213 0.45919084821428574 0.473420920502092 0.4536082589285714 0.4742577405857741 0.4323962053571429 0.4738393305439331 0.41676562500000003 0.471328870292887 0.42346428571428574 0.470073640167364 0.43351227678571436 0.46463430962343094 0.4497008928571429 0.4633790794979079 0.43741964285714285 0.4633790794979079 0.4173236607142858 0.4612870292887029 0.4173236607142858 0.45584686192468615 0.4150904017857143 0.4491531380753139 0.4089497767857143 0.45208200836820084 0.40504241071428576 0.45584686192468615 0.4039263392857143 0.4621230125523012 0.4022511160714285 0.4633790794979079 0.39834375 0.4571029288702929 0.4000189732142857 0.45040836820083685 0.4000189732142857 0.4458058577405858 0.38997098214285714 0.44120251046025094 0.38048102678571427 0.44706108786610876 0.37154910714285716 0.45250041841004185 0.36373437500000005 0.45542928870292887 0.3642924107142857 0.46086861924686195 0.36987500000000006 0.46045020920502094 0.3642924107142857 0.4575213389121339 0.35256919642857143 0.44998995815899584 0.3570357142857143 0.44747866108786605 0.35926785714285714 0.44036652719665276 0.3586774553571429 0.44036652719665276 0.40169308035714285 0.44245857740585776 0.4083917410714285
0 0.6745815899581589 0.5019073660714286 0.8130753138075313 0.4667388392857143 0.8155857740585774 0.3835636160714286 0.7980125523012551 0.35007031250000004 0.7733263598326359 0.3517455357142857 0.780857740585774 0.35621093750000005 0.778765690376569 0.3617935267857143 0.780857740585774 0.3690502232142857 0.7871338912133891 0.3785401785714286 0.785041841004184 0.3835636160714286 0.7758368200836819 0.3763069196428571 0.7708158995815899 0.36235156249999995 0.7616108786610878 0.35844419642857145 0.7549163179916317 0.3478370535714285 0.7528242677824267 0.3489542410714286 0.7486401673640166 0.35230357142857144 0.7452928870292886 0.35621093750000005 0.7465481171548116 0.361234375 0.7570083682008367 0.3701662946428571 0.7754184100418409 0.38188950892857143 0.7754184100418409 0.38803013392857144 0.7683054393305438 0.38747098214285713 0.7607740585774059 0.38244754464285713 0.7561715481171547 0.3802142857142857 0.7482217573221757 0.3757488839285714 0.7515690376569036 0.38188950892857143 0.7511506276150627 0.3919375 0.7490585774058577 0.39751897321428575 0.7498953974895397 0.40254352678571426 0.7528242677824267 0.40589285714285717 0.7524058577405858 0.4120334821428572 0.7540794979079497 0.41761607142857143 0.7528242677824267 0.4226395089285714 0.7482217573221757 0.42040625 0.7469665271966527 0.4148247767857143 0.7457112970711297 0.4098002232142857 0.7473849372384936 0.40589285714285717 0.7452928870292886 0.39640290178571436 0.7402719665271966 0.38803013392857144 0.7436192468619247 0.38468080357142853 0.7461297071129707 0.37965625000000003 0.7432008368200835 0.3718415178571429 0.7365062761506276 0.3718415178571429 0.7352510460251046 0.3802142857142857 0.7289748953974895 0.3869129464285714 0.7310669456066945 0.39026227678571435 0.7314853556485355 0.3991941964285714 0.7243723849372384 0.40645089285714286 0.7164225941422593 0.40198549107142856 0.7168410041841003 0.39026227678571435 0.7226987447698744 0.38468080357142853 0.7218619246861924 0.3757488839285714 0.7180962343096233 0.3718415178571429 0.7097280334728032 0.37463281249999997 0.7047071129707112 0.39361160714285715 0.7055439330543932 0.3991941964285714 0.7001046025104601 0.39975223214285716 0.6988493723849372 0.3952868303571429 0.7009414225941422 0.3930535714285714 0.7055439330543932 0.37909821428571433 0.6984309623430962 0.37463281249999997 0.6929916317991631 0.3740736607142857 0.6867154811715481 0.3640256696428571 0.6884937238493724 0.3553136160714286 0.6949096234309623 0.35159263392857143 0.6968619246861925 0.3538258928571429 0.6946301255230125 0.35754687500000004 0.6954669456066945 0.36312946428571424 0.7002092050209204 0.36461830357142855 0.7060669456066945 0.3553136160714286 0.7027196652719665 0.349359375 0.6882150627615062 0.35196428571428573 0.6812410041841004 0.34377790178571427 0.68336820083682 0.33723102678571426 0.6959205020920501 0.33276562500000006 0.7005230125523012 0.32774107142857145 0.7026150627615062 0.32160044642857144 0.7080543933054393 0.3109944196428572 0.7214435146443514 0.3104363839285714 0.7310669456066945 0.3132276785714286 0.7356694560669456 0.314109375 0.7385983263598326 0.32750669642857144 0.7461297071129707 0.33532142857142855 0.7394351464435146 0.3515100446428571 0.7465481171548116 0.3403459821428571 0.7494769874476986 0.33476339285714285 0.7561715481171547 0.3342053571428571 0.7473849372384936 0.32918191964285715 0.7490585774058577 0.32025000000000003 0.7452928870292886 0.3219241071428572 0.7415271966527196 0.3180167410714286 0.7511506276150627 0.3115524553571429 0.7528242677824267 0.31434375000000003 0.7549163179916317 0.32383370535714284 0.7595188284518828 0.32774107142857145 0.7641213389121339 0.33443973214285716 0.7687238493723849 0.3377890625 0.774581589958159 0.34113839285714287 0.7737447698744769 0.35007031250000004 0.7992677824267782 0.3489542410714286 0.7603556485355648 0.27303571428571427 0.6427824267782427 0.28194754464285715 0.6402719665271965 0.4985580357142857 0.6745815899581589 0.5019073660714286
1 0.6705372384937238 0.5009285714285714 0.8115414225941422 0.46408593750000005 0.8134585774058577 0.3787600446428572 0.7626920502092049 0.2734408482142857 0.6421196652719664 0.2811595982142857 0.6405163179916318 0.4993359375 0.6705372384937238 0.5009285714285714
1 0.9991631799163179 0.4707209821428572 0.9988987447698744 0.288328125 0.8139179916317991 0.2779609375 0.8135656903765689 0.48576339285714293 0.9991631799163179 0.4707209821428572
1 0.20673891213389117 0.22623549107142854 0.17361841004184098 0.036791294642857145 0.03655564853556485 0.036536830357142856 0.001321338912133891 0.22670535714285714 0.20673891213389117 0.22623549107142854
1 0.4158820083682008 0.21119308035714285 0.38346610878661086 0.03820200892857143 0.24443933054393305 0.037123883928571424 0.2178635983263598 0.21589397321428572 0.4158820083682008 0.21119308035714285
1 0.6191849372384938 0.21965401785714284 0.584655230125523 0.050893973214285716 0.4169389121338912 0.04901339285714286 0.4172912133891213 0.22106473214285716 0.6191849372384938 0.21965401785714284
1 0.8126845188284518 0.24739285714285714 0.8123322175732216 0.03632589285714286 0.6232108786610878 0.019502232142857144 0.6231230125523012 0.2492734375 0.8126845188284518 0.24739285714285714
1 0.8145958158995816 0.23705133928571426 0.9991631799163179 0.22764955357142855 0.9991631799163179 0.11012834821428572 0.9847790794979078 0.03679575892857143 0.8394627615062762 0.039473214285714285 0.8142435146443514 0.13880357142857142 0.8145958158995816 0.23705133928571426
1 0.00044016736401673634 0.7505658482142856 0.19634476987447697 0.7510357142857143 0.20022008368200836 0.5554810267857143 0.06365774058577404 0.5284642857142858 0.0007924686192468617 0.6541986607142858 0.00044016736401673634 0.7505658482142856
1 0.2083238493723849 0.7317622767857144 0.25853305439330543 0.5023493303571429 0.20973389121338912 0.5004810267857143 0.2083238493723849 0.7317622767857144
1 0.6179255230125522 0.7074419642857144 0.5788150627615062 0.5386819196428572 0.45408535564853547 0.5452299107142857 0.4315347280334727 0.7220145089285713 0.6179255230125522 0.7074419642857144
1 0.8131690376569036 0.7257745535714285 0.8128167364016736 0.542911830357143 0.6236510460251046 0.54053125 0.6239598326359832 0.7248348214285715 0.8131690376569036 0.7257745535714285
1 0.9988460251046025 0.7201339285714285 0.9991631799163179 0.6853470982142857 0.9678393305439329 0.5386819196428572 0.8412686192468619 0.53759375 0.8149221757322176 0.7285948660714286 0.9988460251046025 0.7201339285714285
1 0.9991631799163179 0.9760044642857142 0.9981414225941421 0.9454497767857143 0.9710108786610878 0.7785691964285715 0.8320108786610879 0.7807801339285714 0.8173882845188285 0.9872868303571429 0.9991631799163179 0.9760044642857142
1 0.6243029288702928 0.9985691964285713 0.812455230125523 0.9988839285714286 0.8121029288702928 0.8725859375 0.7948384937238493 0.772458705357143 0.6531949790794978 0.77196875 0.6239506276150627 0.9346372767857142 0.6243029288702928 0.9985691964285713
1 0.39485606694560665 0.9299363839285715 0.39591297071129705 0.9976283482142858 0.6224711297071128 0.9971584821428572 0.6197221757322176 0.7907656249999999 0.45440251046025104 0.7752790178571429 0.39485606694560665 0.9299363839285715
1 0.20838577405857736 0.9087834821428572 0.2097949790794979 0.9976283482142858 0.39442426778242673 0.9976283482142858 0.3937196652719665 0.9318169642857143 0.3716887029288703 0.7919408482142857 0.23481171548117158 0.7790401785714286 0.20838577405857736 0.9087834821428572
1 0.12434225941422591 0.7748091517857143 0.006307112970711297 0.7856205357142858 0.004545606694560669 0.9980993303571429 0.03449456066945606 0.9988839285714286 0.20679163179916316 0.9581417410714286 0.20679163179916316 0.9379285714285714 0.12434225941422591 0.7748091517857143
0 0.07267112970711295 0.22400669642857146 0.07267112970711295 0.21413504464285715 0.07372803347280335 0.20050223214285717 0.07725188284518827 0.18921986607142857 0.07513723849372385 0.18828013392857143 0.07161422594142258 0.19204017857142858 0.06914811715481171 0.19533147321428573 0.06033891213389121 0.20050223214285717 0.05188284518828451 0.2042622767857143 0.042017573221757316 0.19815178571428574 0.03708451882845189 0.1873392857142857 0.03673221757322176 0.1816986607142857 0.04342677824267782 0.1628950892857143 0.0473020920502092 0.1516138392857143 0.040255230125523005 0.1450323660714286 0.032503765690376565 0.13798102678571428 0.031799163179916316 0.12058816964285715 0.03003765690376569 0.10695535714285713 0.03391297071129707 0.09473325892857143 0.03426527196652719 0.08768191964285714 0.03461757322175732 0.08016071428571428 0.03778912133891213 0.07075892857142857 0.03849372384937238 0.057126116071428576 0.0473020920502092 0.04678459821428571 0.05540669456066945 0.03691294642857142 0.03655564853556485 0.037123883928571424 0.005020920502092049 0.22447656249999998 0.07267112970711295 0.22400669642857146
0 0.046597489539748946 0.14691294642857142 0.04906443514644351 0.14597209821428572 0.04236987447698744 0.1323404017857143 0.03849372384937238 0.12293861607142857 0.039550627615062756 0.11400669642857145 0.034794142259414226 0.11289955357142858 0.03637991631799163 0.13516071428571427 0.046597489539748946 0.14691294642857142
0 0.04518828451882845 0.1309296875 0.04906443514644351 0.11776785714285713 0.046245188284518825 0.11400669642857145 0.042722175732217565 0.11407477678571429 0.04236987447698744 0.12246874999999999 0.04518828451882845 0.1309296875
0 0.04800669456066946 0.1375111607142857 0.05188284518828451 0.1417421875 0.059986610878661084 0.12387834821428571 0.053996652719665264 0.12481808035714285 0.05153054393305438 0.12053571428571427 0.0473020920502092 0.1323404017857143 0.04800669456066946 0.1375111607142857
0 0.07513723849372385 0.21460491071428572 0.0747849372384937 0.22635714285714287 0.10191548117154811 0.22541629464285715 0.07927782426778242 0.1904375 0.07760418410041839 0.20003236607142857 0.07513723849372385 0.21460491071428572
0 0.17344184100418408 0.07781026785714287 0.1621665271966527 0.08580133928571429 0.1678041841004184 0.09097209821428572 0.17027112970711294 0.10037388392857143 0.1741464435146443 0.1022544642857143 0.1766133891213389 0.10413504464285714 0.18119330543933054 0.10601562499999999 0.18119330543933054 0.11259598214285713 0.18260334728033473 0.11635714285714287 0.18295564853556484 0.12105803571428572 0.18189790794979077 0.12857924107142857 0.17767029288702926 0.13610044642857141 0.17308953974895397 0.13798102678571428 0.16674728033472802 0.13469084821428573 0.16428117154811714 0.13892075892857142 0.16110962343096233 0.1516138392857143 0.1663949790794979 0.15678459821428575 0.16991882845188283 0.16430580357142857 0.12235230125523014 0.2235357142857143 0.20339163179916317 0.2235357142857143 0.1723849372384937 0.03879352678571429 0.13961673640167366 0.037123883928571424 0.1748510460251046 0.073109375 0.17344184100418408 0.07781026785714287
0 0.1579389121338912 0.14644196428571427 0.16251966527196654 0.13469084821428573 0.14710376569037656 0.13169642857142858 0.14666359832635983 0.13610044642857141 0.1579389121338912 0.14644196428571427
0 0.37546778242677825 0.051485491071428566 0.3779347280334728 0.047254464285714295 0.3821623430962343 0.04913504464285714 0.38110543933054386 0.03879352678571429 0.2551857740585774 0.041143973214285715 0.25236736401673643 0.05994754464285714 0.24391129707112968 0.05994754464285714 0.21973138075313808 0.21507477678571427 0.29196234309623426 0.21131361607142857 0.29161004184100414 0.19674107142857142 0.29019999999999996 0.19815178571428574 0.2884384937238494 0.19204017857142858 0.3567933054393305 0.14268191964285715 0.35926025104602505 0.14973325892857142 0.29231464435146437 0.1939207589285714 0.29196234309623426 0.21225446428571432 0.41528284518828446 0.21178459821428572 0.39555146443514644 0.10930580357142858 0.37441087866108785 0.11165624999999998 0.3741546549584494 0.10857908427065888 0.37441087866108785 0.10977566964285715 0.39555146443514644 0.10883593750000001 0.38498158995815895 0.05430580357142858 0.3807531380753138 0.052896205357142866 0.37546778242677825 0.051485491071428566
0 0.32860585774058576 0.09943415178571428 0.3412903765690376 0.10977566964285715 0.3490418410041841 0.09050223214285716 0.3236728033472803 0.06887834821428572 0.32014979079497907 0.07060602678571429 0.3180500785656496 0.09380206890310265 0.32508284518828445 0.09849441964285714 0.3289581589958159 0.08110044642857142 0.33212970711297063 0.08110044642857142 0.32860585774058576 0.09943415178571428
0 0.313455230125523 0.14456249999999998 0.31521673640167364 0.14597209821428572 0.3240259414225941 0.10601562499999999 0.3174072575711633 0.10090347196861098 0.313455230125523 0.14456249999999998
0 0.6176610878661087 0.21825334821428574 0.598986610878661 0.12658705357142858 0.5905305439330543 0.13927901785714286 0.5908828451882845 0.14727120535714286 0.5789029288702928 0.14351004464285716 0.5757322175732218 0.1609029017857143 0.5454301255230125 0.20838169642857146 0.5489539748953974 0.21637276785714285 0.5426117154811715 0.2159029017857143 0.5390887029288702 0.21261272321428573 0.5348602510460251 0.211671875 0.512310460251046 0.18863839285714287 0.5045581589958158 0.1829977678571429 0.5017397489539748 0.18064732142857146 0.4901121338912133 0.16419419642857142 0.4915213389121339 0.17500558035714286 0.48271297071129704 0.18346763392857143 0.463333891213389 0.19804017857142858 0.44994476987447696 0.20415066964285716 0.4421933054393305 0.20368080357142854 0.43408953974895387 0.18910825892857144 0.42598577405857735 0.16560379464285716 0.4224619246861924 0.14915178571428572 0.4224619246861924 0.14021986607142858 0.42105271966527197 0.13034821428571428 0.4534686192468619 0.11295424107142857 0.44430711297071124 0.11295424107142857 0.43796485355648535 0.09368080357142858 0.4460694560669456 0.05184375 0.4485355648535564 0.056544642857142856 0.4584008368200836 0.0546640625 0.4686192468619247 0.05184375 0.417528870292887 0.05063392857142858 0.4178811715481171 0.21778348214285712 0.6176610878661087 0.21825334821428574
0 0.5035012552301255 0.13222767857142856 0.47830878661087856 0.13052120535714287 0.486236820083682 0.1552622767857143 0.5035012552301255 0.13222767857142856
0 0.813389121338912 0.24668861607142856 0.8126845188284518 0.03656138392857143 0.7189606694560668 0.029979910714285712 0.7253029288702928 0.05583482142857142 0.7538426778242677 0.06100558035714286 0.7559564853556485 0.059125000000000004 0.8059899581589958 0.0882700892857143 0.7862585774058577 0.14891071428571429 0.7933054393305439 0.1517310267857143 0.7566619246861924 0.23446651785714287 0.7217790794979078 0.20203013392857144 0.7291782426778243 0.1879274553571429 0.7024 0.218953125 0.6756217573221758 0.18087723214285717 0.6495489539748953 0.19309933035714286 0.6400351464435146 0.152671875 0.6615280334728032 0.1428002232142857 0.6298175732217572 0.08591964285714285 0.6678702928870293 0.06570647321428572 0.667165690376569 0.059125000000000004 0.6802025104602509 0.05818526785714286 0.6766794979079497 0.039381696428571436 0.7150845188284518 0.02762946428571429 0.6245322175732217 0.019502232142857144 0.6231230125523012 0.24903906250000002 0.813389121338912 0.24668861607142856
0 0.8552301255230125 0.08214732142857142 0.8585774058577404 0.07879799107142857 0.8552301255230125 0.07321540178571428 0.8527196652719665 0.06875 0.8488142259414225 0.0635390625 0.8432359832635983 0.05981808035714285 0.8393305439330543 0.05944642857142858 0.8384937238493724 0.055352678571428574 0.8390518828451883 0.055352678571428574 0.8449096234309623 0.05609709821428571 0.8513246861924685 0.06130691964285714 0.8571824267782426 0.06726116071428571 0.8610878661087865 0.07656473214285715 0.8691774058577405 0.07135491071428571 0.8714083682008369 0.06391183035714286 0.8627615062761504 0.06242299107142857 0.8635983263598325 0.059073660714285714 0.8736401673640166 0.05795758928571428 0.8783824267782425 0.05274665178571429 0.883123849372385 0.0412109375 0.8404460251046023 0.04083816964285715 0.8264995815899582 0.09591629464285714 0.8379355648535564 0.08772879464285714 0.8552301255230125 0.08214732142857142
0 0.8845188284518828 0.05981808035714285 0.8937238493723848 0.054235491071428575 0.902928870292887 0.05125892857142857 0.910460251046025 0.04939732142857143 0.910460251046025 0.04567633928571429 0.9157598326359832 0.03972209821428572 0.8875874476987446 0.04083816964285715 0.8836820083682009 0.05646875 0.8783824267782425 0.058702008928571435 0.8744769874476986 0.06519754464285714 0.8794979079497907 0.06316741071428571 0.8845188284518828 0.05981808035714285
0 0.9182702928870293 0.04939732142857143 0.921897071129707 0.04939732142857143 0.930265271966527 0.05274665178571429 0.9322175732217571 0.04939732142857143 0.9375171548117155 0.04679241071428571 0.9444912133891211 0.04530468750000001 0.9517430962343096 0.046420758928571434 0.9587171548117153 0.04939732142857143 0.9631799163179915 0.05460825892857143 0.9668058577405857 0.06130691964285714 0.9695958158995814 0.0635390625 0.9751740585774058 0.07395982142857142 0.9748953974895397 0.06688839285714286 0.9723849372384936 0.05795758928571428 0.9687589958158995 0.04753683035714286 0.9629012552301253 0.03823325892857143 0.9201531380753138 0.03962053571428571 0.9165966527196654 0.048654017857142864 0.9182702928870293 0.04939732142857143
0 0.9757322175732217 0.05349107142857142 0.9790794979079497 0.06577232142857144 0.9799163179916317 0.08065848214285713 0.9882845188284518 0.08661272321428573 0.996094560669456 0.09554464285714286 0.9841004184100418 0.037488839285714295 0.9665271966527197 0.03822544642857143 0.9698744769874477 0.04381584821428571 0.9757322175732217 0.05349107142857142
0 0.8145046025104602 0.23658928571428572 0.8393305439330543 0.2358448660714286 0.8368200836820083 0.21574888392857144 0.8309623430962342 0.20495647321428573 0.8298468619246862 0.22319196428571425 0.8273364016736402 0.2243080357142857 0.8267782426778242 0.21202678571428574 0.8217573221757322 0.20458482142857143 0.8170150627615062 0.19565290178571432 0.8175732217573222 0.1900703125 0.8217573221757322 0.16960267857142858 0.8237096234309622 0.16029799107142859 0.8253832635983264 0.14317968749999999 0.8249648535564853 0.12146540178571427 0.81478410041841 0.16885825892857143 0.8145046025104602 0.23658928571428572
0 0.8245464435146441 0.17164174107142857 0.8186887029288702 0.1947142857142857 0.8211991631799161 0.19843638392857144 0.8273364016736402 0.20811160714285712 0.8298468619246862 0.196203125 0.8331941422594141 0.1850390625 0.8410041841004183 0.16754799107142856 0.8541146443514643 0.1472734375 0.8524410041841003 0.14280691964285713 0.8471405857740585 0.14057477678571428 0.8404460251046023 0.13871428571428573 0.8340309623430961 0.13313169642857142 0.8291489539748953 0.12565066964285715 0.8278937238493723 0.15154575892857142 0.8245464435146441 0.17164174107142857
0 0.8432359832635983 0.11581919642857144 0.8451882845188283 0.1053984375 0.8479774058577405 0.09535044642857142 0.8510460251046025 0.0905122767857143 0.8382150627615061 0.09869977678571429 0.8334728033472804 0.10837611607142858 0.8309623430962342 0.11619084821428571 0.8298468619246862 0.12363392857142856 0.8345882845188284 0.12958816964285716 0.8401673640167363 0.1329375 0.8460251046025103 0.1359151785714286 0.850418410041841 0.13633705357142858 0.8465832635983264 0.12735602678571428 0.8432359832635983 0.11581919642857144
0 0.8396092050209203 0.18466629464285716 0.8410041841004183 0.1958314732142857 0.8398887029288703 0.2114609375 0.8457464435146443 0.216671875 0.8532778242677823 0.2226261160714286 0.8680610878661088 0.22597544642857142 0.8794979079497907 0.22746428571428573 0.8937238493723848 0.22225334821428575 0.9073916317991632 0.21034486607142858 0.9001397489539749 0.20773995535714285 0.8942820083682006 0.20104129464285717 0.8917715481171546 0.20141294642857144 0.8870292887029289 0.21071651785714285 0.8800560669456065 0.22002120535714287 0.8767087866108785 0.22113727678571432 0.8859138075313806 0.2073671875 0.889818410041841 0.19694754464285716 0.8842401673640167 0.18876004464285714 0.8794979079497907 0.17573549107142858 0.8655506276150626 0.16382589285714286 0.8658301255230125 0.1664308035714286 0.8613665271966526 0.16382589285714286 0.8557882845188285 0.1548950892857143 0.8479774058577405 0.16605915178571426 0.8396092050209203 0.18466629464285716
0 0.888981589958159 0.18727120535714287 0.897349790794979 0.1988080357142857 0.910460251046025 0.2066238839285714 0.9232912133891213 0.19248214285714288 0.9383539748953975 0.17387388392857145 0.9383539748953975 0.17164174107142857 0.9299857740585773 0.17610714285714285 0.919386610878661 0.17796763392857146 0.905439330543933 0.17647879464285715 0.8828451882845189 0.16609933035714283 0.8834033472803346 0.17573549107142858 0.888981589958159 0.18727120535714287
0 0.926917991631799 0.19359821428571428 0.9143656903765688 0.208484375 0.9266384937238493 0.2096004464285714 0.9352861924686191 0.20811160714285712 0.9458853556485355 0.20029687499999999 0.9500694560669457 0.1947142857142857 0.9567640167364017 0.18429464285714287 0.9472803347280333 0.179828125 0.9403765690376569 0.17493526785714283 0.9366803347280335 0.1809453125 0.926917991631799 0.19359821428571428
0 0.998605020920502 0.22523102678571427 0.9991631799163179 0.17908482142857146 0.9955372384937237 0.18541071428571426 0.9907949790794979 0.18838839285714287 0.9815899581589956 0.18987611607142857 0.9729430962343095 0.18987611607142857 0.9598326359832635 0.18578348214285714 0.9567640167364017 0.19396986607142858 0.9483958158995816 0.204390625 0.9391907949790795 0.21183370535714285 0.923570711297071 0.21518303571428574 0.9101815899581588 0.21183370535714285 0.9001397489539749 0.22188169642857142 0.8859138075313806 0.22746428571428573 0.8934451882845187 0.23118526785714283 0.998605020920502 0.22523102678571427
0 0.8820083682008366 0.23379017857142856 0.8764292887029288 0.23118526785714283 0.8577405857740585 0.22932477678571428 0.8502092050209205 0.22597544642857142 0.8410041841004183 0.2191127232142857 0.8432359832635983 0.23453459821428574 0.8820083682008366 0.23379017857142856
0 0.9578803347280334 0.18057254464285716 0.9589958158995815 0.17312946428571427 0.9592744769874477 0.16568638392857143 0.9492326359832635 0.16457031250000004 0.9435146443514644 0.17075 0.9492326359832635 0.17610714285714285 0.9578803347280334 0.18057254464285716
0 0.9620644351464434 0.18168973214285716 0.9715481171548117 0.18541071428571426 0.9799163179916317 0.18541071428571426 0.9896794979079496 0.18355022321428574 0.9963740585774057 0.17834040178571428 0.9693163179916319 0.16680357142857144 0.9626920502092048 0.16563392857142856 0.9634585774058577 0.17312946428571427 0.9620644351464434 0.18168973214285716
0 0.9888426778242676 0.16940848214285714 0.998605020920502 0.17536272321428573 0.9988845188284516 0.1191685267857143 0.996931380753138 0.11544642857142857 0.9941422594142258 0.12735602678571428 0.988563179916318 0.13628683035714287 0.9801949790794978 0.14707924107142856 0.9715481171548117 0.15303348214285714 0.9662485355648535 0.15601116071428572 0.9623430962343095 0.15675558035714285 0.9637380753138073 0.1591238839285714 0.9762903765690375 0.16494308035714284 0.9888426778242676 0.16940848214285714
0 0.9735004184100419 0.12884375 0.9679221757322175 0.13703125 0.9629012552301253 0.14224107142857143 0.9637380753138073 0.14335825892857143 0.9682008368200836 0.14186941964285713 0.9762903765690375 0.1388917410714286 0.9815899581589956 0.13256584821428571 0.9801949790794978 0.12288950892857142 0.9776845188284519 0.1154107142857143 0.9762903765690375 0.12065624999999999 0.9735004184100419 0.12884375
0 0.9528594142259413 0.11693526785714285 0.9523012552301255 0.10800334821428573 0.9481171548117153 0.09497879464285715 0.9414225941422594 0.08790736607142857 0.9375171548117155 0.0864185267857143 0.9320083682008367 0.08750892857142858 0.9366803347280335 0.10800334821428573 0.9528594142259413 0.11693526785714285
0 0.8772661087866108 0.13070535714285714 0.884797489539749 0.1344263392857143 0.8926083682008367 0.11169084821428572 0.8811715481171547 0.11730691964285715 0.8772661087866108 0.13070535714285714
0 0.971897071129707 0.3723470982142857 0.9632493723849371 0.3719743303571429 0.9540443514644352 0.37048660714285714 0.951255230125523 0.37681250000000005 0.958786610878661 0.3779296875 0.962133891213389 0.37532366071428575 0.965481171548117 0.3805345982142857 0.9758016736401673 0.3883493303571429 0.9615757322175732 0.3883493303571429 0.9543238493723848 0.38909374999999996 0.957949790794979 0.40211941964285713 0.9624125523012552 0.4077008928571429 0.9724543933054394 0.4155167410714286 0.9685497907949789 0.4196104910714286 0.9610184100418409 0.4196104910714286 0.957112970711297 0.4077008928571429 0.952092050209205 0.3902098214285714 0.9426083682008366 0.3905825892857143 0.9395397489539749 0.3924430803571429 0.9325665271966527 0.40286383928571434 0.9250351464435145 0.40546875 0.9191774058577404 0.4032354910714286 0.9127615062761505 0.40211941964285713 0.9144351464435145 0.40844531249999994 0.9188979079497909 0.40807366071428575 0.9269874476987446 0.4077008928571429 0.9311715481171546 0.42147098214285716 0.9239188284518829 0.42258705357142856 0.9152719665271964 0.42109821428571426 0.9135983263598325 0.4158883928571429 0.9119246861924685 0.40063058035714283 0.9049514644351463 0.4032354910714286 0.9007673640167363 0.41067857142857145 0.9024410041841003 0.423703125 0.8954669456066945 0.423703125 0.8937933054393306 0.4352399553571429 0.9035564853556485 0.43412388392857143 0.9041146443514643 0.43858928571428574 0.9049514644351463 0.44268303571428574 0.8915623430962342 0.4419386160714286 0.879846861924686 0.4434274553571428 0.849441841004184 0.4456607142857143 0.850836820083682 0.44045089285714284 0.87315230125523 0.44007812500000004 0.8776150627615061 0.4356127232142858 0.8929564853556485 0.4356127232142858 0.8946301255230125 0.42072656249999996 0.8985355648535563 0.41291183035714285 0.9038351464435147 0.4036071428571429 0.9038351464435147 0.39728125 0.9038351464435147 0.3916986607142857 0.9018828451882845 0.3820234375 0.9004878661087867 0.3719743303571429 0.8976987447698743 0.3637879464285715 0.8951882845188284 0.36862500000000004 0.8918410041841003 0.37458035714285715 0.8946301255230125 0.3835111607142857 0.8990937238493724 0.3928147321428571 0.8990937238493724 0.40546875 0.8862619246861925 0.40695647321428574 0.8792887029288702 0.40435156249999993 0.8884937238493723 0.3894654017857143 0.8837514644351465 0.38686049107142856 0.876499581589958 0.39095424107142857 0.870641841004184 0.37904575892857145 0.8686887029288703 0.36639285714285713 0.8745464435146444 0.3641595982142857 0.8840309623430962 0.3671372767857143 0.8837514644351465 0.35671651785714287 0.8778937238493724 0.35262276785714286 0.8778937238493724 0.3466685267857143 0.8639472803347278 0.3585770089285715 0.856694560669456 0.3518783482142857 0.864225941422594 0.34517968750000005 0.8751046025104602 0.34369196428571425 0.8728728033472803 0.33959821428571424 0.8787305439330544 0.3399698660714286 0.8817991631799161 0.33401562500000004 0.8876569037656903 0.3336439732142857 0.8949096234309621 0.33810937500000005 0.8935146443514643 0.3280613839285714 0.8879355648535565 0.3284330357142857 0.8857046025104601 0.3314107142857143 0.8695255230125524 0.33215513392857143 0.8684100418410041 0.3269441964285714 0.8787305439330544 0.32136272321428566 0.8834728033472803 0.32098995535714286 0.8879355648535565 0.32136272321428566 0.8882150627615062 0.325828125 0.8932359832635981 0.3276886160714286 0.8937933054393306 0.31540848214285716 0.8985355648535563 0.3087098214285714 0.9074619246861924 0.31503571428571425 0.9197347280334729 0.31391964285714286 0.9197347280334729 0.3202455357142857 0.9258719665271965 0.32136272321428566 0.9222451882845188 0.31391964285714286 0.9208510460251045 0.30312723214285714 0.9205715481171548 0.2852645089285714 0.8145046025104602 0.27911049107142855 0.8151322175732216 0.4858526785714286 0.9991631799163179 0.47022209821428573 0.9991631799163179 0.3336439732142857 0.9771966527196652 0.3355044642857143 0.9624125523012552 0.33327120535714283 0.964644351464435 0.3284330357142857 0.975244351464435 0.33215513392857143 0.9989539748953973 0.33327120535714283 0.9981171548117154 0.2897299107142858 0.9216878661087865 0.28600781249999996 0.9219665271966526 0.30349888392857144 0.9228033472803346 0.3023828125 0.9336820083682008 0.3064765625 0.9378661087866108 0.3064765625 0.9442820083682006 0.3053604910714286 0.944839330543933 0.31131473214285715 0.9395397489539749 0.3183850446428572 0.9325665271966527 0.31801339285714286 0.9314502092050209 0.32098995535714286 0.9370292887029288 0.32210714285714287 0.9412133891213388 0.3276886160714286 0.9476292887029286 0.31912946428571426 0.952092050209205 0.31689620535714286 0.949023430962343 0.32322321428571427 0.9585079497907948 0.33401562500000004 0.9548811715481171 0.33513169642857144 0.9624125523012552 0.33922544642857144 0.964644351464435 0.3418303571428571 0.957949790794979 0.3459241071428571 0.9632493723849371 0.34852901785714285 0.9635288702928868 0.35113392857142856 0.964644351464435 0.35373995535714287 0.9716175732217573 0.3570892857142857 0.9682702928870294 0.3466685267857143 0.965481171548117 0.33810937500000005 0.9738493723849372 0.33959821428571424 0.9822175732217572 0.33810937500000005 0.9847280334728034 0.34369196428571425 0.9816594142259414 0.34927343750000006 0.9732912133891214 0.34852901785714285 0.978591631799163 0.35150669642857146 0.9830543933054393 0.3563448660714286 0.9801793716319149 0.35836349794376016 0.9847280334728034 0.35932142857142857 0.9877966527196651 0.3678816964285715 0.9961648535564851 0.37271875000000004 0.9830543933054393 0.37346316964285714 0.971897071129707 0.3723470982142857
0 0.8378661087866108 0.5928493303571429 0.8370292887029288 0.5850345982142857 0.8434451882845189 0.5798247767857143 0.8434451882845189 0.5697756696428572 0.845676150627615 0.5686595982142857 0.847349790794979 0.5694040178571428 0.847349790794979 0.5619609375000001 0.853207531380753 0.5556350446428572 0.854044351464435 0.5534017857142858 0.856834309623431 0.5545178571428572 0.866039330543933 0.5534017857142858 0.8657598326359832 0.5519129464285715 0.8713389121338911 0.5470747767857143 0.8663179916317991 0.546703125 0.8618552301255228 0.5433537946428573 0.864644351464435 0.5377712053571428 0.8420502092050208 0.5385970982142857 0.8331238493723848 0.5950825892857143 0.8378661087866108 0.5928493303571429
0 0.95836820083682 0.5452142857142858 0.9603205020920502 0.546703125 0.9628309623430962 0.5489363839285714 0.9647841004184098 0.5552622767857143 0.9631104602510459 0.5571227678571429 0.961715481171548 0.5608448660714286 0.96255230125523 0.5627053571428572 0.965062761506276 0.5619609375000001 0.9692468619246861 0.5641941964285715 0.9717573221757322 0.5656830357142857 0.9709205020920502 0.5667991071428571 0.9703623430962344 0.5682879464285715 0.9695255230125523 0.5734977678571429 0.9686887029288703 0.5753582589285714 0.9667364016736402 0.5768470982142857 0.9614368200836818 0.5757310267857143 0.9614368200836818 0.5790803571428571 0.965062761506276 0.5816852678571429 0.96896820083682 0.5839174107142858 0.9753832635983264 0.5805680803571429 0.967294560669456 0.5381439732142858 0.9522317991631798 0.5390625 0.9555790794979078 0.5444698660714286 0.95836820083682 0.5452142857142858
0 0.8665966527196654 0.720125 0.8674334728033474 0.7167756696428571 0.864644351464435 0.7130535714285714 0.864644351464435 0.7100770089285715 0.8691071129707113 0.7085881696428571 0.873570711297071 0.7089598214285714 0.8774753138075313 0.7115647321428572 0.8783121338912133 0.7108214285714285 0.8816594142259413 0.7100770089285715 0.8844493723849371 0.7108214285714285 0.8855648535564853 0.7152868303571429 0.8886334728033471 0.71603125 0.8880753138075314 0.7126819196428571 0.8883539748953975 0.7052388392857143 0.8908644351464435 0.7033783482142857 0.8922594142259413 0.7082165178571429 0.8970016736401671 0.7082165178571429 0.9031380753138075 0.7085881696428571 0.9078803347280333 0.7111930803571429 0.9081589958158995 0.7059832589285715 0.9089958158995814 0.7030055803571429 0.9098326359832635 0.6974241071428573 0.9076008368200836 0.6974241071428573 0.9056485355648535 0.6933303571428573 0.9103907949790793 0.6896082589285715 0.9126217573221757 0.6840267857142858 0.9151322175732217 0.6821651785714286 0.9142953974895397 0.6743504464285713 0.9117849372384936 0.6750948660714287 0.9084376569037657 0.6791886160714287 0.9087171548117153 0.6829095982142857 0.8972803347280334 0.6985401785714286 0.8897489539748953 0.7000290178571429 0.8861230125523012 0.6940747767857143 0.8850066945606695 0.6977957589285715 0.8824962343096233 0.7026339285714285 0.8763598326359832 0.7089598214285714 0.8732912133891213 0.70784375 0.872733891213389 0.70375 0.869386610878661 0.7059832589285715 0.863807531380753 0.7059832589285715 0.862970711297071 0.6937020089285715 0.8601815899581589 0.7026339285714285 0.854602510460251 0.7097042410714286 0.851533891213389 0.7134263392857143 0.847349790794979 0.7204966517857143 0.8392610878661089 0.6981674107142857 0.8350769874476986 0.6918415178571429 0.8384242677824266 0.6914687500000001 0.8314502092050209 0.6739776785714285 0.8289397489539748 0.6713727678571428 0.8247556485355648 0.6631852678571429 0.8169456066945606 0.7219854910714286 0.8665966527196654 0.720125
0 0.979846861924686 0.6073638392857144 0.980683682008368 0.6125736607142857 0.9770569037656903 0.6155502232142858 0.9851464435146443 0.6248549107142857 0.979428451882845 0.6013761160714285 0.9725941422594142 0.6021529017857142 0.979846861924686 0.6073638392857144
0 0.9801255230125522 0.6419732142857143 0.978173221757322 0.6460669642857143 0.9742677824267781 0.6449508928571428 0.9706418410041839 0.6516495535714286 0.9706418410041839 0.6561149553571429 0.965620920502092 0.6583482142857143 0.9709205020920502 0.6710011160714286 0.9787305439330544 0.6587198660714286 0.980683682008368 0.6583482142857143 0.9792887029288702 0.6531372767857143 0.9826359832635981 0.6520212053571429 0.9896092050209205 0.6460669642857143 0.9867506276150626 0.6348582589285714 0.9790100418410039 0.6367633928571428 0.9801255230125522 0.6419732142857143
0 0.9846585774058576 0.6683404017857143 0.9898887029288701 0.676583705357143 0.9751046025104602 0.6959352678571429 0.9711991631799164 0.6974241071428573 0.9684100418410042 0.7033783482142857 0.9751046025104602 0.7030055803571429 0.9767782426778242 0.7015167410714286 0.9804041841004183 0.6974241071428573 0.9854251046025105 0.6959352678571429 0.9943514644351463 0.7015167410714286 0.9991631799163179 0.70375 0.9991631799163179 0.6918415178571429 0.9937933054393305 0.6643024553571429 0.9876569037656904 0.6669073660714286 0.9846585774058576 0.6683404017857143
0 0.9991631799163179 0.6918415178571429 0.9951882845188283 0.6929575892857143 0.9954669456066945 0.6892366071428573 0.9935146443514643 0.6873750000000001 0.9912828451882845 0.6862589285714286 0.9898887029288701 0.6877477678571429 0.9876569037656904 0.6899810267857143 0.9876569037656904 0.6940747767857143 0.9887723849372385 0.6974241071428573 0.9937933054393305 0.6963069196428571 0.9963037656903765 0.6933303571428573 0.9991631799163179 0.6918415178571429
0 0.9717573221757322 0.720125 0.9709205020920502 0.71603125 0.976499581589958 0.7111930803571429 0.9737096234309623 0.7111930803571429 0.9653414225941421 0.7115647321428572 0.9578100418410042 0.7097042410714286 0.9561364016736402 0.7123091517857143 0.950836820083682 0.7126819196428571 0.9472108786610877 0.7149151785714285 0.936052719665272 0.7164029017857143 0.94358410041841 0.7219854910714286 0.9717573221757322 0.720125
0 0.7606694560669456 0.5536796875000001 0.7629012552301255 0.5640993303571429 0.7670853556485355 0.5640993303571429 0.7721062761506275 0.5667053571428571 0.7682008368200836 0.5801026785714287 0.7626217573221756 0.5908950892857143 0.7726635983263598 0.5860569196428571 0.7776845188284518 0.5845680803571429 0.7804744769874477 0.5856841517857143 0.7832635983263597 0.5897779017857143 0.7796376569037656 0.5957321428571428 0.7709899581589957 0.5957321428571428 0.7645748953974895 0.5972209821428571 0.7704326359832636 0.600943080357143 0.7743372384937237 0.6042924107142857 0.7799163179916317 0.6147120535714287 0.7868895397489539 0.6195502232142858 0.7924686192468618 0.6251328125000001 0.7944209205020919 0.632203125 0.7910736401673639 0.6441116071428572 0.7849372384937238 0.6556484375 0.7796376569037656 0.6575089285714286 0.7765690376569037 0.6582533482142857 0.7807531380753138 0.6738839285714285 0.7846585774058578 0.6865368303571427 0.7871690376569037 0.6913750000000001 0.7818686192468618 0.6913750000000001 0.7723849372384937 0.678349330357143 0.7687589958158996 0.6686741071428571 0.7668058577405856 0.6552767857142857 0.7609481171548116 0.6522991071428572 0.7539748953974895 0.6500669642857144 0.7464435146443514 0.6578816964285714 0.7397489539748954 0.6720234375 0.7347280334728032 0.678349330357143 0.7294284518828451 0.6768616071428571 0.7297071129707112 0.6977020089285715 0.7291489539748953 0.7010513392857144 0.7252443514644351 0.7062611607142857 0.7213389121338911 0.7044006696428572 0.7182702928870291 0.7073772321428571 0.7149230125523012 0.7170535714285714 0.7143656903765689 0.7233794642857143 0.812273640167364 0.7271015624999999 0.81255230125523 0.5440033482142858 0.7524410041841004 0.5432477678571429 0.7562066945606694 0.5492142857142858 0.7606694560669456 0.5536796875000001
0 0.701533891213389 0.5417712053571428 0.6892610878661087 0.5417712053571428 0.701813389121339 0.5581450892857143 0.701813389121339 0.5540513392857143 0.700697071129707 0.5451205357142858 0.701533891213389 0.5417712053571428
0 0.7065548117154811 0.7243191964285715 0.722733891213389 0.6923136160714286 0.7235707112970711 0.6737064732142857 0.713528870292887 0.6871037946428571 0.707949790794979 0.6844988839285715 0.7073916317991631 0.6887700892857144 0.7012552301255229 0.6939799107142858 0.697907949790795 0.6967801339285715 0.6895397489539749 0.6980736607142858 0.6847974895397488 0.6980736607142858 0.6808928870292886 0.6947243303571428 0.6783824267782427 0.6891417410714287 0.6716878661087866 0.6861651785714286 0.6647138075313807 0.6872812500000001 0.6613665271966527 0.6813270089285715 0.6582987447698745 0.6789162946428571 0.6532778242677824 0.6709073660714286 0.6457464435146443 0.6619754464285714 0.6465832635983263 0.6586261160714286 0.6476987447698744 0.6532377232142859 0.6543933054393305 0.6422511160714286 0.6585774058577405 0.6422511160714286 0.6513246861924685 0.6284821428571429 0.6510460251046024 0.6169453125000001 0.6560669456066945 0.6135959821428572 0.6493723849372384 0.6061529017857143 0.6460251046025104 0.5994542410714285 0.6482569037656903 0.5940658482142858 0.6496510460251045 0.5871729910714285 0.6454669456066945 0.58121875 0.6418410041841003 0.5752645089285714 0.6437933054393304 0.5689375 0.6457464435146443 0.5674486607142858 0.6476987447698744 0.5704263392857143 0.6521615062761505 0.5763805803571429 0.6591355648535565 0.5849397321428571 0.6627615062761506 0.5808470982142857 0.6574619246861924 0.5681930803571429 0.6560669456066945 0.56075 0.6605297071129705 0.5559129464285715 0.6683405857740585 0.5507020089285714 0.6828451882845188 0.5417712053571428 0.6225941422594141 0.5405502232142857 0.6234309623430961 0.7250636160714287 0.7065548117154811 0.7243191964285715
0 0.44871464435146446 0.6198593750000001 0.45254058577405853 0.6189017857142857 0.45445271966527195 0.6176261160714287 0.45708284518828457 0.6173069196428571 0.46043012552301255 0.6173069196428571 0.45684435146443503 0.6112466517857144 0.456365690376569 0.6128415178571428 0.4539748953974895 0.6125223214285714 0.45086694560669444 0.6099709821428572 0.4511054393305439 0.6023147321428571 0.45182343096234306 0.5975301339285715 0.456365690376569 0.5968917410714287 0.45756150627615055 0.6000825892857142 0.45971297071129696 0.5965736607142856 0.4642560669456066 0.5933828125 0.4606694560669456 0.5857276785714286 0.46186527196652716 0.5825379464285714 0.4654510460251046 0.5895558035714286 0.4692769874476987 0.5895558035714286 0.47214560669456074 0.5863660714285714 0.47477573221757313 0.5850892857142858 0.4793188284518828 0.5812622767857143 0.48099246861924677 0.5758392857142857 0.47477573221757313 0.5777533482142857 0.4702334728033472 0.5761584821428573 0.4676033472803346 0.5697779017857143 0.46473389121338904 0.5630792410714286 0.46449456066945605 0.5560625000000001 0.46903765690376564 0.552234375 0.4912728033472803 0.5442600446428572 0.45517071129707104 0.5457589285714286 0.44608451882845185 0.6185837053571428 0.44871464435146446 0.6198593750000001
0 0.509444351464435 0.552234375 0.5132694560669455 0.5506395089285714 0.512312970711297 0.5477678571428573 0.5151824267782427 0.5442600446428572 0.4988041841004184 0.5445636160714286 0.504423430962343 0.5528716517857143 0.509444351464435 0.552234375
0 0.5335924686192468 0.556359375 0.5388527196652719 0.5576361607142857 0.5407648535564854 0.5496607142857143 0.5472209205020919 0.5455145089285715 0.5512853556485354 0.5461517857142857 0.556544769874477 0.5499799107142856 0.556544769874477 0.558911830357143 0.5596535564853555 0.5560401785714285 0.5651523012552301 0.5601875 0.5706518828451882 0.5636964285714285 0.5728033472803347 0.5684810267857142 0.5673046025104602 0.5806026785714286 0.5680217573221756 0.5812410714285715 0.5720861924686191 0.5780502232142857 0.5739991631799162 0.5783694196428572 0.5771071129707113 0.5825167410714285 0.5716075313807532 0.595275669642857 0.5716075313807532 0.6029319196428571 0.5747163179916317 0.5971897321428571 0.5797372384937238 0.5955948660714286 0.5823673640167363 0.5971897321428571 0.5861924686192468 0.6016551339285714 0.5897790794979079 0.6137767857142856 0.5912133891213388 0.6163292410714286 0.5921698744769874 0.6306830357142857 0.5861924686192468 0.6357868303571428 0.5869096234309622 0.6443995535714285 0.5895397489539749 0.6466328125 0.5842794979079498 0.6731082589285714 0.5651523012552301 0.6632198660714286 0.5622836820083681 0.6577968750000001 0.5596535564853555 0.6641763392857143 0.5610878661087866 0.6756607142857144 0.55678410041841 0.6836350446428572 0.5496117154811715 0.6826774553571429 0.5429171548117153 0.6788504464285714 0.5412435146443514 0.6727890624999999 0.5412435146443514 0.6616250000000001 0.5343096234309623 0.6629006696428571 0.5371790794979079 0.6676852678571429 0.5367004184100418 0.6842723214285714 0.5314401673640167 0.6868247767857143 0.5273757322175732 0.6868247767857143 0.5278543933054392 0.6928850446428572 0.5268979079497907 0.7011785714285714 0.5228334728033472 0.7075591517857143 0.5137481171548116 0.7094732142857143 0.509444351464435 0.7053258928571429 0.5065748953974895 0.7027745535714287 0.506097071129707 0.694161830357143 0.502271129707113 0.6922477678571429 0.5020326359832635 0.6903337053571429 0.5051405857740585 0.6858683035714286 0.5065748953974895 0.6855491071428571 0.5082485355648535 0.6833158482142857 0.5115958158995816 0.6807645089285714 0.5118351464435146 0.6788504464285714 0.5101615062761506 0.6775736607142857 0.5072920502092051 0.6769363839285714 0.503944769874477 0.6731082589285714 0.5020326359832635 0.670875 0.502510460251046 0.6645357142857142 0.49940251046025097 0.671234375 0.4950987447698744 0.6705959821428572 0.49725020920502094 0.6725100446428571 0.4946200836820084 0.6750625 0.48912133891213383 0.6795279017857142 0.4862518828451883 0.6779330357142858 0.4793188284518828 0.6658113839285715 0.48242677824267777 0.6603883928571428 0.46569037656903756 0.6690011160714285 0.4649732217573222 0.6709151785714286 0.46808117154811707 0.6725100446428571 0.4676033472803346 0.6763381696428572 0.46521255230125513 0.6817611607142856 0.45971297071129696 0.6782522321428572 0.456365690376569 0.6756997767857144 0.4506276150627615 0.6731484375 0.4463238493723849 0.6725100446428571 0.446802510460251 0.6686819196428572 0.44871464435146446 0.6664497767857143 0.45517071129707104 0.6683638392857143 0.46353891213389115 0.6677254464285716 0.46258242677824263 0.6578370535714286 0.4623430962343096 0.6530524553571428 0.45971297071129696 0.6527332589285715 0.45517071129707104 0.6511383928571428 0.45206192468619244 0.654328125 0.4489539748953974 0.6533705357142857 0.4472803347280334 0.6489051339285714 0.45158410041841 0.6434821428571429 0.45206192468619244 0.64125 0.4523012552301255 0.6380591517857143 0.4556485355648535 0.6345513392857143 0.45923514644351454 0.6316796875 0.46090878661087864 0.6268950892857144 0.4582786610878661 0.6291283482142858 0.4539748953974895 0.6291283482142858 0.44775815899581584 0.6300848214285715 0.44441087866108786 0.6275334821428571 0.4329347280334727 0.7203180803571428 0.6165573221757321 0.7069419642857142 0.5778242677824268 0.5404319196428571 0.5268979079497907 0.542171875 0.5292887029288702 0.5598683035714286 0.5335924686192468 0.556359375
0 0.21500334728033468 0.5244051339285715 0.22097991631799166 0.5250435267857143 0.23413054393305438 0.5240859375 0.24465020920502095 0.5231294642857143 0.2523012552301255 0.5250435267857143 0.2578 0.5033515625 0.21040083682008368 0.5007176339285715 0.2099824267782427 0.5291897321428571 0.21500334728033468 0.5244051339285715
0 0.21309037656903765 0.6531428571428572 0.21332970711297067 0.6566517857142857 0.21691548117154807 0.65378125 0.22145857740585767 0.6499531249999999 0.22193640167364012 0.6553761160714286 0.22265355648535565 0.6611183035714285 0.22074142259414226 0.665583705357143 0.2173941422594142 0.6681350446428571 0.21356820083682004 0.6671785714285715 0.21237322175732215 0.6700491071428571 0.20950376569037657 0.6681350446428571 0.20830878661087865 0.7260033482142857 0.22719665271966524 0.6472142857142857 0.2101012552301255 0.6446104910714286 0.2097430962343096 0.6525055803571428 0.21309037656903765 0.6531428571428572
0 0.0627020920502092 0.5533448660714286 0.06700502092050209 0.5581305803571428 0.07107029288702929 0.5610011160714286 0.0746560669456067 0.5610011160714286 0.07943849372384937 0.5622767857142857 0.08039414225941421 0.5539832589285715 0.08589372384937238 0.5539832589285715 0.09067531380753138 0.5482410714285714 0.09569623430962342 0.5469654017857144 0.101673640167364 0.5552589285714287 0.1040644351464435 0.5613203125 0.11243263598326358 0.5613203125 0.11936652719665271 0.5632343750000001 0.12199665271966527 0.5702511160714285 0.12438744769874477 0.5699330357142858 0.12821255230125522 0.5581305803571428 0.1358635983263598 0.5539832589285715 0.14327531380753136 0.5568537946428571 0.14877489539748953 0.5584486607142857 0.15355648535564853 0.5603627232142857 0.1619246861924686 0.5635524553571429 0.1671849372384937 0.5632343750000001 0.1719665271966527 0.5641908482142857 0.18105188284518828 0.5616395089285715 0.18415983263598326 0.5670613839285714 0.19228953974895396 0.5683381696428571 0.19874476987447698 0.5676997767857144 0.19874476987447698 0.5565357142857142 0.06437573221757323 0.5306975446428572 0.057381589958158986 0.5453359375 0.05935481171548117 0.5511127232142858 0.0627020920502092 0.5533448660714286
0 0.17399916317991632 0.6704854910714285 0.16706527196652718 0.6698470982142857 0.15367615062761505 0.664424107142857 0.14435146443514643 0.6628292410714286 0.14769874476987446 0.6657008928571428 0.15439330543933055 0.6685714285714285 0.15726276150627613 0.6854776785714286 0.16252217573221756 0.6873917410714286 0.16658661087866106 0.6944095982142857 0.16802175732217572 0.7017455357142858 0.16658661087866106 0.7113158482142857 0.15678410041841 0.7090825892857142 0.155110460251046 0.7129107142857143 0.16347866108786607 0.7135479910714286 0.16491297071129704 0.72503125 0.16443514644351462 0.7304542410714285 0.16252217573221756 0.7499129464285714 0.19527782426778242 0.7495937500000001 0.1976686192468619 0.6127488839285714 0.1893004184100418 0.610515625 0.18906192468619246 0.6369810267857143 0.1494317991631799 0.6302611607142857 0.17543347280334726 0.6369921875 0.17399916317991632 0.6704854910714285
0 0.0008962343096234308 0.7499029017857144 0.0936644351464435 0.7489453125 0.06712468619246861 0.7387377232142857 0.06425606694560669 0.7202366071428571 0.059235146443514644 0.7100290178571429 0.06090878661087866 0.6969508928571428 0.053497071129707106 0.6915279017857143 0.042020083682008366 0.7269352678571428 0.03221757322175732 0.7234263392857143 0.040107949790794975 0.6953560267857143 0.0353255230125523 0.6912087053571428 0.021936401673640166 0.7269352678571428 0.009025941422594141 0.7218314732142856 0.02576234309623431 0.6765357142857144 0.019545606694560666 0.6723883928571429 0.014285355648535563 0.6666473214285714 0.012373221757322174 0.6542064732142857 0.0128510460251046 0.6427232142857143 0.01572050209205021 0.6328348214285715 0.0228928870292887 0.6315591517857142 0.029587447698744766 0.6219888392857144 0.026000836820083684 0.6063459821428572 0.0008962343096234308 0.6548448660714286 0.0008962343096234308 0.7499029017857144
0 0.03353221757322175 0.9988839285714286 0.20543933054393304 0.9579441964285713 0.2056786610878661 0.9391238839285714 0.16264184100418408 0.8571439732142856 0.14518828451882843 0.8628861607142857 0.14518828451882843 0.8683091517857143 0.14279748953974894 0.8718180803571428 0.13849372384937236 0.8730937500000001 0.1329949790794979 0.8622477678571429 0.12367029288702928 0.8628861607142857 0.12319163179916318 0.8555491071428571 0.12008368200836819 0.8504453125000001 0.1117154811715481 0.8514029017857142 0.11147615062761504 0.8581015625000001 0.1093246861924686 0.8609720982142857 0.11291129707112971 0.8657566964285713 0.11841004184100416 0.8673515625 0.12558242677824266 0.8753270089285715 0.1389715481171548 0.8848962053571429 0.13729790794979077 0.8884051339285713 0.1317991631799163 0.8896808035714286 0.11888786610878659 0.8823437500000001 0.1117154811715481 0.8801116071428572 0.11099832635983262 0.8807488839285714 0.11028117154811715 0.8845770089285715 0.11314979079497907 0.8938281250000001 0.11147615062761504 0.9002075892857142 0.1117154811715481 0.9075435267857144 0.11434560669456066 0.9088203125 0.11458493723849372 0.9164754464285714 0.11673640167364016 0.9187087053571428 0.11482343096234308 0.9247689732142857 0.11004184100418408 0.9247689732142857 0.1088460251046025 0.9171138392857143 0.10621673640167364 0.9113716517857144 0.11075899581589957 0.9072254464285715 0.11075899581589957 0.8989319196428571 0.10693389121338912 0.8986127232142858 0.10263012552301254 0.8957410714285714 0.101673640167364 0.8877667410714286 0.1093246861924686 0.8855345982142857 0.11028117154811715 0.8801116071428572 0.10573807531380752 0.8746886160714287 0.10263012552301254 0.8753270089285715 0.09976066945606693 0.8718180803571428 0.09832635983263598 0.8785167410714285 0.09306610878661087 0.8877667410714286 0.09354476987447699 0.8922332589285714 0.09330543933054393 0.8995691964285715 0.09115397489539748 0.9059486607142858 0.0851765690376569 0.9065870535714285 0.07919916317991631 0.9021216517857142 0.07943849372384937 0.8931897321428572 0.08445941422594141 0.8871294642857144 0.0827857740585774 0.8775591517857142 0.0763297071129707 0.8778783482142856 0.07417824267782426 0.8817064732142856 0.07083096234309623 0.8813872767857143 0.06676652719665271 0.8974129464285715 0.06557071129707112 0.9018783482142856 0.06102845188284518 0.9012399553571429 0.06102845188284518 0.8977310267857141 0.06365774058577404 0.8964553571428573 0.0674836820083682 0.8814631696428572 0.060310460251046014 0.8776350446428571 0.05528953974895397 0.8766785714285715 0.05146443514644351 0.8734888392857142 0.050030125523012545 0.8683850446428572 0.048594979079497905 0.8629620535714286 0.05457238493723848 0.860728794642857 0.05696317991631798 0.8565825892857143 0.05146443514644351 0.8559441964285716 0.0474 0.8524352678571429 0.04453054393305439 0.8466941964285715 0.046682845188284514 0.8406328125 0.05098661087866109 0.8371238839285715 0.058636820083682005 0.8368058035714286 0.05935481171548117 0.8339341517857143 0.06796150627615062 0.82775 0.06820083682008368 0.8191372767857142 0.07130878661087865 0.8153102678571429 0.07609121338912134 0.8133962053571429 0.08015564853556485 0.8130770089285715 0.08302426778242677 0.8140334821428572 0.08565439330543932 0.8169051339285713 0.08685020920502091 0.8216897321428572 0.09139246861924685 0.822646205357143 0.09473974895397488 0.8248794642857143 0.09497907949790793 0.8169051339285713 0.0988041841004184 0.8165859375 0.10071715481171548 0.8172232142857142 0.10454309623430962 0.8159475446428572 0.11075899581589957 0.8146718749999999 0.11386694560669455 0.8175424107142858 0.11625857740585772 0.8232845982142857 0.11864937238493722 0.8220089285714286 0.11745355648535565 0.824560267857143 0.11745355648535565 0.8293448660714284 0.11936652719665271 0.8312589285714285 0.12319163179916318 0.8331729910714285 0.12821255230125522 0.8389151785714286 0.13227698744769872 0.8382767857142858 0.13801589958158994 0.8424241071428572 0.13682008368200835 0.849760044642857 0.13705941422594142 0.8564587053571427 0.14136317991631797 0.8564587053571427 0.14566610878661085 0.8618816964285715 0.16144686192468619 0.8555022321428571 0.12414811715481171 0.7767120535714286 0.006395815899581589 0.7870703125 0.005319665271966527 0.9971785714285714 0.03353221757322175 0.9988839285714286
0 0.2422410041841004 0.8006763392857141 0.233218410041841 0.8449453124999999 0.23874811715481167 0.8457220982142857 0.2410769874476987 0.8430044642857142 0.24660753138075314 0.8422276785714284 0.24602510460251045 0.8348493303571429 0.24689790794979077 0.8298013392857143 0.2533020920502092 0.8286361607142856 0.25795899581589954 0.8305781250000001 0.2629071129707113 0.8228113839285716 0.27105690376569036 0.8224229910714286 0.27105690376569036 0.8169866071428572 0.26552635983263595 0.8111607142857142 0.26348953974895395 0.8111607142857142 0.2602870292887029 0.8169866071428572 0.25592133891213387 0.8158214285714285 0.2518468619246862 0.8154330357142857 0.2518468619246862 0.8072779017857143 0.2553389121338912 0.8049475446428571 0.2617430962343096 0.8068895089285715 0.26407112970711294 0.8096082589285715 0.2661087866108786 0.8076662946428572 0.2713481171548117 0.8041707589285714 0.27658744769874477 0.8049475446428571 0.2783338912133891 0.8026183035714286 0.2777514644351464 0.7967924107142859 0.2844460251046025 0.7940747767857144 0.29375983263598326 0.7964040178571429 0.29434225941422587 0.7863080357142858 0.234673640167364 0.7808616071428572 0.23118075313807532 0.7998995535714286 0.2422410041841004 0.8006763392857141
0 0.31064184100418407 0.8018415178571429 0.3141347280334728 0.7967924107142859 0.32199414225941425 0.7995111607142856 0.3249046025104602 0.8002879464285714 0.32374058577405856 0.7960167410714286 0.32432217573221755 0.7936863839285715 0.3283974895397489 0.7932979910714286 0.33247196652719657 0.7944631696428572 0.33480083682008366 0.7995111607142856 0.32781506276150624 0.8041707589285714 0.33218158995815894 0.8107723214285715 0.33247196652719657 0.8169866071428572 0.3371297071129707 0.8177622767857142 0.3374200836820083 0.8099966517857142 0.33974895397489535 0.8068895089285715 0.34731631799163176 0.8061127232142858 0.35488451882845184 0.8138794642857142 0.3545933054393305 0.821646205357143 0.3621615062761506 0.8274709821428571 0.3630343096234309 0.8329073660714286 0.37089288702928863 0.8375680803571429 0.3740953974895397 0.8484408482142858 0.3752594142259414 0.8426160714285714 0.3781698744769874 0.8402857142857142 0.370602510460251 0.7932979910714286 0.30671297071129705 0.7861997767857142 0.30627615062761504 0.8026183035714286 0.31064184100418407 0.8018415178571429
0 0.3909765690376569 0.9946584821428572 0.3802075313807531 0.9150502232142858 0.36769121338912136 0.9138861607142857 0.3656543933054393 0.8936919642857143 0.3531380753138075 0.8999062500000001 0.3545933054393305 0.9142734375 0.3575037656903765 0.9208761160714285 0.3566309623430962 0.9313604910714286 0.3557573221757322 0.9379620535714286 0.3557573221757322 0.9461171875 0.3481899581589958 0.9503883928571429 0.3435330543933054 0.9488348214285715 0.3426594142259414 0.9600970982142856 0.3429506276150628 0.9690290178571429 0.334218410041841 0.9729118303571429 0.32868870292887026 0.9709698660714287 0.3260686192468619 0.9748537946428572 0.3211205020920501 0.9756305803571429 0.31791882845188285 0.9709698660714287 0.31733640167364013 0.9523303571428572 0.31209790794979075 0.9445636160714285 0.3059849372384937 0.9484475446428572 0.3007456066945607 0.9480591517857142 0.29812635983263597 0.943786830357143 0.29405104602510457 0.9488348214285715 0.2931782426778243 0.9569899553571428 0.29870878661087863 0.9581551339285713 0.2998728033472803 0.9647566964285715 0.30016401673640164 0.9740770089285714 0.29521589958158995 0.9810669642857143 0.2882301255230125 0.9783482142857144 0.2838635983263598 0.9725234374999999 0.2812443514644351 0.9729118303571429 0.2771690376569037 0.9806785714285715 0.2690192468619247 0.9870747767857143 0.26086945606694556 0.9824151785714287 0.2594142259414226 0.97853125 0.25766778242677824 0.9668816964285714 0.2623246861924686 0.9536785714285715 0.2570853556485355 0.9501830357142858 0.2567949790794979 0.9420279017857144 0.25795899581589954 0.9350379464285714 0.25039079497907946 0.9354263392857144 0.2454426778242677 0.9303783482142858 0.24253221757322177 0.9373683035714284 0.23496485355648536 0.9389218749999999 0.22943430962343095 0.9385334821428571 0.22244853556485356 0.9342622767857144 0.22041087866108788 0.925330357142857 0.21575397489539747 0.9393102678571429 0.21029623430962344 0.9390524553571428 0.2096418410041841 0.9962120535714286 0.3909765690376569 0.9946584821428572
0 0.4771330543933054 0.9837779017857142 0.4756778242677823 0.9954285714285713 0.5301071129707112 0.9950401785714286 0.5298158995815899 0.9694095982142856 0.5181732217573221 0.9701863839285714 0.500418410041841 0.9721283482142858 0.49081338912133887 0.9589252232142857 0.4890669456066945 0.9503816964285715 0.48761171548117155 0.9437801339285714 0.4707297071129707 0.9534888392857143 0.4654903765690376 0.9569832589285715 0.4634527196652719 0.9558180803571428 0.4771330543933054 0.9837779017857142
0 0.5580502092050208 0.9131015625 0.5536836820083681 0.9134899553571427 0.546407531380753 0.9154319196428572 0.5496092050209205 0.9282466517857143 0.5493907949790795 0.9458459821428571 0.5563037656903765 0.9476629464285715 0.5580502092050208 0.9131015625
0 0.48761171548117155 0.7934966517857143 0.4957615062761505 0.7938850446428571 0.5108970711297072 0.7981562500000001 0.5234125523012552 0.7962142857142858 0.5368016736401673 0.8000982142857144 0.5388393305439331 0.7861183035714285 0.47844267782426775 0.7784352678571429 0.4887757322175732 0.7907779017857143 0.48761171548117155 0.7934966517857143
0 0.6249230125523012 0.9985290178571429 0.6490811715481171 0.9977522321428571 0.6517012552301255 0.9775591517857144 0.6566493723849371 0.9476584821428572 0.6659631799163179 0.9569776785714286 0.6662543933054392 0.9519296875000001 0.6607238493723849 0.9422220982142857 0.6642167364016737 0.9395033482142857 0.663634309623431 0.9329017857142856 0.668873640167364 0.9255234375000001 0.6706200836820082 0.912708705357143 0.6723665271966526 0.8940680803571428 0.6810987447698744 0.8863024553571428 0.6761506276150626 0.8758169642857142 0.6714937238493722 0.8789241071428572 0.6642167364016737 0.8789241071428572 0.6601422594142259 0.8808649553571429 0.6575221757322176 0.8824185267857144 0.6540292887029289 0.8797008928571429 0.6528652719665271 0.8719341517857144 0.6543205020920502 0.8622254464285714 0.644715481171548 0.849799107142857 0.6578133891213389 0.8463035714285715 0.664507949790795 0.8354308035714286 0.6720753138075313 0.8404787946428571 0.6767330543933054 0.8280524553571429 0.6863380753138075 0.8315479910714286 0.6927414225941422 0.8408671875000001 0.6907037656903765 0.8303828125000001 0.6889573221757321 0.8191205357142858 0.6825539748953975 0.7962098214285714 0.7136987447698744 0.7868895089285715 0.7212661087866108 0.8117421874999999 0.7291246861924685 0.8082477678571429 0.7337824267782426 0.8028113839285714 0.736110460251046 0.8016462053571429 0.7445514644351464 0.8090245535714284 0.7509548117154811 0.8144609375 0.7585230125523011 0.8020345982142858 0.7608510460251046 0.8020345982142858 0.7713297071129707 0.8152377232142858 0.7713297071129707 0.8202857142857143 0.7713297071129707 0.8214508928571428 0.7695832635983264 0.8253337053571428 0.7593958158995815 0.8296060267857144 0.7535748953974896 0.8288292410714286 0.7660903765690376 0.8482455357142857 0.770747280334728 0.8447511160714287 0.7832635983263597 0.8509642857142857 0.7829723849372384 0.8451395089285715 0.7806443514644351 0.8362075892857141 0.7812259414225942 0.8296060267857144 0.7885029288702927 0.8319352678571429 0.7885029288702927 0.8404787946428571 0.7850100418410041 0.8443627232142857 0.7855924686192468 0.854458705357143 0.7986903765690376 0.8653325892857143 0.8097506276150627 0.8711573660714287 0.803347280334728 0.8195089285714285 0.7809347280334726 0.81834375 0.777441841004184 0.7942678571428571 0.7841372384937237 0.788443080357143 0.7867564853556485 0.7798995535714285 0.7937422594142258 0.7736863839285715 0.6534476987447698 0.7735825892857143 0.6246317991631798 0.9348437500000001 0.6249230125523012 0.9985290178571429
0 0.7614334728033472 0.9045535714285714 0.7503732217573221 0.9224162946428572 0.7474619246861923 0.9344553571428571 0.7497907949790794 0.941833705357143 0.7547389121338911 0.948046875 0.7736585774058578 0.9589196428571428 0.7803531380753138 0.9771707589285714 0.7919958158995815 0.9752299107142857 0.7847188284518828 0.9958113839285714 0.8123707112970712 0.9969765625000001 0.8117882845188283 0.8878549107142858 0.8088778242677824 0.8929040178571428 0.8088778242677824 0.8975636160714286 0.8016008368200837 0.9037767857142857 0.7998543933054393 0.9103783482142858 0.7946150627615063 0.918533482142857 0.7879205020920501 0.9154263392857143 0.7611422594142259 0.8914988839285714 0.7588142259414226 0.889796875 0.7614334728033472 0.9045535714285714
0 0.8341280334728033 0.8156294642857143 0.8300527196652719 0.8098046875000001 0.8265598326359832 0.8672767857142858 0.8332543933054393 0.8727142857142857 0.836747280334728 0.8847522321428573 0.8431506276150627 0.8816450892857143 0.8454794979079496 0.8719374999999999 0.839076150627615 0.8661116071428572 0.8303439330543932 0.8653359375 0.8323815899581589 0.8602868303571428 0.8309263598326359 0.8517444196428572 0.8350008368200836 0.843200892857143 0.8422778242677824 0.8459185267857142 0.8480987447698742 0.8435892857142857 0.8495539748953973 0.8369877232142858 0.8431506276150627 0.8389285714285715 0.8379112970711295 0.8416473214285715 0.8347096234309623 0.8327154017857143 0.833181589958159 0.8245345982142858 0.8332543933054393 0.8206774553571428 0.8341280334728033 0.8156294642857143
0 0.841112970711297 0.7868928571428573 0.8457707112970712 0.7903872767857143 0.8504276150627614 0.8004843750000001 0.8483899581589958 0.8074743303571429 0.851010041841004 0.8121339285714286 0.8498451882845188 0.8218426339285715 0.8501364016736401 0.8272790178571429 0.8501364016736401 0.8342689732142856 0.8547933054393304 0.8334921874999999 0.8539205020920502 0.8303861607142856 0.8565397489539748 0.8265022321428572 0.8661447698744767 0.8253370535714286 0.864689539748954 0.8191238839285713 0.869928870292887 0.8167946428571428 0.8693472803347279 0.8066975446428571 0.868473640167364 0.7938828124999999 0.8754594142259414 0.789611607142857 0.8742953974895397 0.7810680803571428 0.832963179916318 0.7833973214285714 0.8320903765690376 0.7954196428571428 0.837620920502092 0.789611607142857 0.841112970711297 0.7868928571428573
0 0.8550845188284517 0.8742667410714284 0.8600326359832635 0.8742667410714284 0.8591598326359831 0.8676651785714287 0.8614878661087866 0.8622287946428571 0.863234309623431 0.8641707589285715 0.8661447698744767 0.8657243303571429 0.8705112970711296 0.8637823660714286 0.8716753138075314 0.8598984375000001 0.8772058577405856 0.8556272321428573 0.8789523012552299 0.8525200892857143 0.88273640167364 0.8517444196428572 0.8821539748953974 0.8416473214285715 0.8783698744769873 0.8478604910714285 0.8710937238493723 0.8509676339285714 0.8676008368200835 0.8552388392857143 0.8620702928870292 0.8521328125000001 0.8614878661087866 0.8602868303571428 0.8568309623430961 0.8645591517857143 0.8521740585774058 0.8661116071428572 0.8495539748953973 0.869177455357143 0.8533380753138076 0.8742667410714284 0.8550845188284517 0.8742667410714284
0 0.884191631799163 0.7923292410714285 0.8868108786610879 0.7958247767857143 0.8932142259414226 0.7946595982142857 0.8914677824267783 0.7907756696428571 0.8958343096234309 0.7884464285714285 0.9010736401673638 0.7806796875 0.8844828451882846 0.7803761160714286 0.8865196652719666 0.7845625 0.884191631799163 0.7923292410714285
0 0.9109698744769872 0.8125033482142857 0.9167907949790794 0.8175513392857143 0.9208661087866108 0.8206584821428571 0.9301799163179917 0.8280368303571428 0.9322175732217571 0.8175513392857143 0.9325087866108784 0.8097845982142857 0.9330903765690375 0.805513392857143 0.9397849372384937 0.8020178571428571 0.9467707112970711 0.7950279017857144 0.9505548117154812 0.8043482142857143 0.9546301255230125 0.8101729910714285 0.9595782426778241 0.8163861607142857 0.9589958158995815 0.8218236607142858 0.9534652719665273 0.8299776785714286 0.9470619246861924 0.8338616071428572 0.9406585774058577 0.8334732142857144 0.9368744769874476 0.8307544642857143 0.9325087866108784 0.8326964285714287 0.9444426778242676 0.847453125 0.9505548117154812 0.8462879464285715 0.9581230125523013 0.857161830357143 0.9557941422594141 0.8660926339285714 0.9595782426778241 0.8688113839285714 0.9645263598326359 0.8657042410714286 0.970347280334728 0.8653158482142856 0.9744225941422593 0.8645390624999999 0.977041841004184 0.8691997767857144 0.9735489539748954 0.874247767857143 0.975586610878661 0.8792957589285715 0.977041841004184 0.8874508928571428 0.973257740585774 0.8952176339285713 0.9674368200836818 0.8959944196428571 0.9639439330543933 0.8959944196428571 0.9537564853556486 0.8866741071428572 0.947644351464435 0.8746361607142857 0.9429874476987447 0.874247767857143 0.934836820083682 0.8618214285714286 0.9284334728033473 0.8587142857142858 0.9188284518828451 0.8688113839285714 0.9191196652719664 0.8715290178571429 0.9231941422594142 0.8668694196428571 0.9249405857740586 0.8653158482142856 0.9278518828451882 0.8649274553571429 0.9339640167364015 0.8734709821428572 0.9322175732217571 0.8820145089285715 0.9371656903765689 0.8847332589285715 0.9415313807531381 0.8808493303571427 0.9493907949790794 0.8866741071428572 0.9613246861924685 0.9002656250000001 0.970347280334728 0.9115279017857144 0.9720937238493723 0.9208470982142856 0.971802510460251 0.9243426339285715 0.9671456066945605 0.9332745535714286 0.9610334728033472 0.9348270089285714 0.9610334728033472 0.9414285714285715 0.9613246861924685 0.9480301339285713 0.9621974895397489 0.9546316964285715 0.9587046025104602 0.9616216517857143 0.9520100418410042 0.9627868303571429 0.9482259414225942 0.9655055803571428 0.9406585774058577 0.9682232142857143 0.9368744769874476 0.9631752232142856 0.9345464435146441 0.9639520089285714 0.9342552301255228 0.9670591517857143 0.928142259414226 0.9701651785714287 0.9211573221757321 0.9639520089285714 0.915917991631799 0.9596808035714286 0.9109698744769872 0.9464776785714285 0.9124251046025103 0.9402645089285715 0.9118426778242676 0.9305558035714286 0.9179556485355649 0.9212354910714285 0.9156267782426777 0.9231774553571428 0.909805020920502 0.9216428571428572 0.9039841004184099 0.9251383928571428 0.8984535564853555 0.9259151785714286 0.9013640167364017 0.9305747767857143 0.8940878661087865 0.9387299107142857 0.8844828451882846 0.9476618303571429 0.8777882845188285 0.9433895089285714 0.8754594142259414 0.9453314732142857 0.8751682008368201 0.9476618303571429 0.876623430962343 0.9472734375 0.8798251046025104 0.9523214285714285 0.8798251046025104 0.9581462053571428 0.8777882845188285 0.9628058035714286 0.8728393305439329 0.9647477678571429 0.8713841004184101 0.9694084821428571 0.8623615062761505 0.977950892857143 0.8600326359832635 0.9729029017857144 0.8568309623430961 0.9527098214285715 0.8585774058577404 0.9395066964285714 0.8571221757322174 0.922419642857143 0.8533380753138076 0.914265625 0.8533380753138076 0.9049453125000001 0.8483899581589958 0.9103816964285715 0.8454794979079496 0.9833883928571427 0.9991631799163179 0.9740680803571429 0.9991631799163179 0.9527098214285715 0.9712209205020919 0.7787377232142857 0.9068945606694561 0.7795145089285714 0.9150443514644351 0.7911640625 0.9150443514644351 0.797765625 0.9153355648535564 0.8032031249999999 0.9106786610878659 0.8082511160714286 0.9059489539748953 0.8080357142857142 0.9074769874476987 0.8125033482142857 0.9109698744769872 0.8125033482142857