0 0.1973944896352406 0.5748119456992224 0.2179635655223296 0.5708337375135786 0.20675132449055056 0.5327819962070336 0.1973944896352406 0.5748119456992224
1 0.1973925996204312 0.574804365263861 0.21796167550752021 0.570826157078217 0.20674943447574118 0.5327744157716722 0.1973925996204312 0.574804365263861
1 0.3116102852886826 0.5469098686886118 0.41946635669506066 0.5194432105975413 0.371789586531004 0.33168118047393325 0.3116102852886826 0.5469098686886118
0 0.39634467351602776 0.48551106514216136 0.3937720970037706 0.4890292268085837 0.3856534457971772 0.48932807626128333 0.37699522865709567 0.4857333196440828 0.37064198081539235 0.47235851151491576 0.3701053497878812 0.46328810077550775 0.3688874053615933 0.46359176842688815 0.3664498299071485 0.46765138976199117 0.36090109030895084 0.46960996513711367 0.35237618762481254 0.470008954220936 0.3480480573567641 0.4664859743558331 0.3477753903372781 0.47058094260731653 0.34506683446521635 0.4752832461615605 0.33870711021815236 0.4757186650811006 0.334107999532487 0.47283836743513863 0.3277381556742086 0.493987502548733 0.33247324571967873 0.4956836583068733 0.3349064696683931 0.5002542105929575 0.3343621139314133 0.5067185455394216 0.3334117767190043 0.5132841030363459 0.33828186782228664 0.515521718463167 0.33963481330638684 0.5157595104804673 0.3438306074204843 0.5135631430880445 0.3481587376885328 0.5170861229531474 0.3446365322637434 0.5254431576406541 0.33733055230788533 0.5238128775165937 0.33733392551162344 0.5169083054519088 0.3324648127103334 0.5129450884685852 0.3307022425449502 0.5197120081470923 0.3240691429785235 0.5259690797939556 0.31879307039981186 0.5238326869175947 0.3138259444307015 0.5423925709666604 0.4187893948020145 0.5201871153671422 0.4062309546936116 0.46808843791392746 0.39580537758465517 0.48161854199159837 0.39634467351602776 0.48551106514216136
0 0.38078406299377154 0.48536377635862255 0.38619682323216464 0.4845893428713218 0.39160958347055763 0.48381490938402116 0.39364117744957317 0.47985651059937806 0.37340739573670345 0.46139853723324764 0.3733498283875774 0.46938289243651166 0.3749703810855564 0.4758825742993561 0.37753887609419867 0.4809956691734584 0.38078406299377154 0.48536377635862255
0 0.37407641003470316 0.3667960082531413 0.37448647301374727 0.3580635291621565 0.3771940505838167 0.35508682716441503 0.37144963813149223 0.33464153519348755 0.36460791654563207 0.3599514107045184 0.3678540817471973 0.36259391633317994 0.3696113221048577 0.3661827718323627 0.37407641003470316 0.3667960082531413
1 0.5015907202586264 0.260787436253636 0.3839910425887103 0.28981846893882324 0.4422585871416005 0.5149107077255777 0.6175085617712325 0.46891550470162596 0.6100834684742604 0.43394650614196334 0.5015907202586264 0.260787436253636
0 0.41230268295503214 0.34460790433432387 0.4150094485621506 0.3416314047816834 0.4190693669795177 0.3423456613078211 0.42407783234435054 0.33822016433863833 0.4177214813010247 0.33175101119349354 0.41380243571002806 0.32122115379390836 0.4155622373084757 0.3179056396735073 0.42151608374318456 0.31929792533516627 0.42827787430110426 0.32566714129428914 0.4316622474251785 0.32367193363834823 0.43153061957110433 0.3162259019049827 0.4307203432221149 0.3129760609735605 0.42612112887337517 0.3083692812968596 0.4308604040855344 0.3031606625452141 0.43302547885953446 0.3014706103501928 0.44019547945558807 0.3042850323620748 0.4453339897357001 0.3127843351893388 0.44817825496545083 0.3068968068279358 0.4489945694220401 0.2980641881058283 0.45589696280421454 0.29461672027216645 0.4546823915816649 0.28801581585886205 0.4572534478310943 0.28622454111338064 0.4623935410500013 0.2895450758775632 0.466996128602479 0.2872472834895794 0.46781075645719905 0.2818669507998142 0.47065262678520414 0.2811583929465934 0.4747107549376278 0.28359845347433466 0.4745730889759542 0.2882348813944988 0.4764636437895578 0.29581748259470475 0.47957747283717217 0.29274064096584057 0.4876971023457578 0.2907161899566383 0.4897236365191661 0.29711464926902253 0.4977065783680705 0.29800102462348194 0.498923544492366 0.299422958528604 0.5081234524655659 0.3017312677881857 0.5052815821375609 0.3024398256414065 0.5092056875341647 0.3026128249439644 0.5111020104532524 0.29811188357130325 0.5162388968074627 0.3066115912887691 0.5227313308736674 0.313623084576831 0.5257049953947879 0.31863515934557435 0.5267852738594021 0.32296791961435806 0.5278646776850981 0.3307527634703833 0.5312478005484603 0.3304855256547205 0.5331409166028511 0.33116375723534264 0.5338161918940283 0.33387213849808395 0.5347614693008301 0.3376634390981869 0.5347596163599196 0.342841124241931 0.5357026652040172 0.35008599623881465 0.5381400743194205 0.3477517740151131 0.5432845190440581 0.3424421351581085 0.5482914641460632 0.3400435251098664 0.5011077138477612 0.25975647461337814 0.3844887758775866 0.2896943700919591 0.40255406773912206 0.3573941036423937 0.4035011980868344 0.35600771909875284 0.4090521662477363 0.35059557232684974 0.41230268295503214 0.34460790433432387
0 0.4337707896985815 0.4393594040978674 0.4406700798791336 0.4428175912482278 0.44716143198027175 0.4498282040620533 0.44377618421727927 0.4552754953052357 0.4456677173328753 0.4611324949489391 0.4493148042042628 0.4740306361241677 0.45269091065803313 0.48757145951853714 0.45539511502436436 0.49149932958548054 0.46134646289425324 0.4963441037245827 0.4656772580661631 0.4946891960008407 0.4702814285574356 0.48721263554977545 0.4736659680205513 0.4834920287824331 0.4755676207473617 0.46863531223208216 0.4805770644141868 0.46278421370639666 0.488154024787662 0.46377181161131603 0.4942420603172323 0.46570575938675685 0.497483874013067 0.4769784386366057 0.4951822779184269 0.479853918083887 0.4981559424395474 0.48486599285263016 0.5066805751215702 0.4844659208494703 0.513040299368634 0.48403050192993036 0.5181821828524844 0.48562523269250957 0.5272470897678719 0.4873920822834103 0.5360404743048073 0.48980289945789013 0.6195366788834358 0.4701351959509289 0.6119741896269055 0.43980370823076775 0.5995363831224443 0.4193168622922142 0.5972354953276808 0.42046565726365576 0.5885765698877227 0.41859758512229484 0.583707187084317 0.41463328521963394 0.5916901289332214 0.4155196605740933 0.5952096694541493 0.4123405134754317 0.5650580465424824 0.3657785475798233 0.5607282296725649 0.3657078537470628 0.5635660184969551 0.3736305524343667 0.5654565733105587 0.38121315363457253 0.5734327687519868 0.39590867311840156 0.5704558973661695 0.3960757713029416 0.5631549772159186 0.3840886330818541 0.5619326812839003 0.39302247435442167 0.5653138475432777 0.396206439651764 0.5716711768885959 0.40094999124040615 0.572612372791783 0.4133725483810339 0.5690970801135112 0.4061950398277693 0.5590891243540261 0.3971833182399848 0.5528610279610364 0.40506476889289045 0.5448797727140011 0.4007261075060887 0.5433942210738344 0.39476788531192514 0.5371687895847062 0.3974714483759859 0.538789342282685 0.40397113023883036 0.5519113990485041 0.4099036419139749 0.5538030985031415 0.41403524244627665 0.5528535732536835 0.4206005974980999 0.5448638849973029 0.43352336627301025 0.5371485503622774 0.4388988807640947 0.5395834609128607 0.44001714701783656 0.5449931179496312 0.44614836851455814 0.5397118819022382 0.45264235170448536 0.5253716107080157 0.4470124247613837 0.5145445072924347 0.4537400597990665 0.49776666064376734 0.452169754191068 0.4947964320023521 0.4368012262154995 0.4772108075695153 0.4285285911986355 0.47923565514105454 0.4383793365433621 0.47828531792864554 0.44494489404028614 0.47327772720273076 0.44561830742222774 0.4681367593449057 0.4457498562452865 0.4651656560645723 0.43383341185695945 0.46313504038754905 0.43606620908509985 0.465429890074713 0.44699987376718814 0.4662377715219567 0.4554286852067926 0.46717967572502034 0.46612455787158036 0.4673103252771023 0.47529619116144844 0.46202679799103763 0.4886956268902969 0.4570257873335577 0.47728529525427044 0.45905738131257323 0.47332689646962745 0.46149512310605945 0.46754187602312286 0.46298725481466096 0.46141635319931834 0.4586675575559579 0.4406319431725036 0.45448019645120574 0.4255668804032144 0.4536648602966089 0.4326738975688194 0.45487774491728955 0.4427270880144663 0.4535163664238441 0.45975072615887774 0.4493273187172228 0.44813794942193097 0.4444656606232858 0.42863890383339803 0.4424357532461394 0.4291450165856986 0.4366169078692428 0.42829419059272045 0.42863646458515847 0.4239553267608177 0.4305330575063616 0.419455468307494 0.4339160767066496 0.41746174846109235 0.4396005256625363 0.4143179482788108 0.4398740046449734 0.4102227775822265 0.4341895556890867 0.41336657776450797 0.42769385208221805 0.4149861385718697 0.4207972268055273 0.4063500638326646 0.41403479062369797 0.398255651207241 0.417558516311315 0.38817172959879354 0.42094572067829217 0.37927323524260625 0.4239225920641094 0.37910613705806623 0.43055090182704464 0.38320700642756755 0.4287943697692609 0.37789146645254484 0.4231163972187348 0.3672250395861193 0.4168892791277374 0.37338088868252245 0.41499258254346005 0.3761542651051073 0.40794887830494764 0.37730198168836393 0.418355299845352 0.4190398587889549 0.4220057599204775 0.42503342789949866 0.4307974578555437 0.43089653110632115 0.4337707896985815 0.4393594040978674
0 0.7780430171257692 0.3106751656065366 0.7528890316678439 0.2824281034116396 0.7293413977930686 0.29002569581416593 0.7377293428154099 0.29253645017466773 0.7370499860206179 0.2984593254524509 0.7408354471535556 0.30499435423167554 0.7492209972741513 0.3126840791003596 0.7484063694194312 0.3180644117901248 0.7377192232041955 0.3132501663687221 0.7294713390452737 0.30092401357987386 0.7195944691790277 0.2993596090898934 0.7105326654652624 0.2906871045149705 0.7087730302058564 0.29227721952397 0.7055234918005528 0.29653928595999335 0.7032209174039206 0.3011403669637772 0.7056541413526348 0.3057109192498614 0.7179645051697109 0.31184695894526354 0.7386637923111206 0.3187681514446649 0.7401493439512873 0.3247263736388285 0.7331123878090614 0.32590461440863217 0.7245894417289079 0.3228524003794496 0.7195833712658208 0.3217989268404503 0.7107894447680503 0.31938939503040864 0.7155228482116512 0.32453783682089127 0.7175476957831904 0.3343885821656179 0.7168680689862829 0.3403103745240639 0.7188955814616834 0.3449832322799456 0.7225477281386781 0.34752451535814693 0.7236272983034155 0.3535839601027706 0.726601774787487 0.3585958324264129 0.7265991098836256 0.3637737200152577 0.7215930394205385 0.36272024647625845 0.7190248144140119 0.3576082345214934 0.716591320463182 0.35303659931607184 0.7172699689580974 0.34884040851412845 0.7129442335917947 0.3401384581408433 0.7060469000152272 0.3332290678774778 0.7084844754696721 0.32916944654237473 0.7097048147977056 0.32368680838281216 0.704972389656097 0.3168127650358271 0.6984766860492284 0.31843232584318887 0.6992842974943565 0.3268600543634559 0.6948151280608962 0.3348780744832019 0.6976553117870321 0.33762180266232356 0.7002221201938054 0.3461871835687683 0.6950759888672987 0.35494910845811534 0.6862820623695282 0.3525395766480738 0.6838519416224363 0.3410633693779674 0.6881854016982076 0.33423057406538037 0.6852126118160051 0.3257664157093957 0.6806135011303397 0.32288611806343376 0.6731691469129312 0.32761895033537736 0.6728887551839765 0.3472486642727327 0.6750512687171895 0.35246298169729523 0.669908510594421 0.35432033452195755 0.667610287703519 0.3502912419045541 0.6690999208473006 0.34761820755819295 0.6701896106232524 0.33296393610876224 0.6622076470763404 0.3303519591978003 0.6567946168358317 0.3311253097657637 0.648274065657424 0.32289412522839883 0.6478918504134326 0.31401066104149866 0.6532169833041728 0.3088480613819796 0.6556515671018908 0.3105426785555935 0.6543862489654433 0.3146930527105112 0.6565487624986563 0.3199073701350737 0.6615103393634151 0.3202047281441992 0.6649430723814626 0.30975931392217404 0.660254759291171 0.3047917196610307 0.6468111904018071 0.3108282343286829 0.6380638256512451 0.3045721984602047 0.6385440030620735 0.29770517818070236 0.649643168860338 0.29033574139811524 0.652893415565518 0.28434699048625206 0.6534377713024979 0.2778826555397879 0.6561497003782977 0.26627577992085916 0.6690061065342225 0.26249519863745474 0.6790189557602734 0.26287546123961353 0.6836980536613391 0.26261751946106804 0.6897810293853021 0.27490832533353593 0.6989792507566329 0.2806689206254598 0.6963999278368995 0.29799622642125173 0.7006007817566042 0.2854430009318016 0.7020921015022548 0.27931768055309814 0.7084528040513111 0.27715666007705553 0.6987119135448696 0.27440811369925333 0.6981750125152428 0.265336620040508 0.6949261824098163 0.26787200200069144 0.6903270717241509 0.2649917043547294 0.6981007934053265 0.25639131689214845 0.700399994598221 0.2586948079530493 0.7047257299645235 0.26739675832633447 0.7101368036010476 0.2700746108713763 0.7162231525287488 0.2754608446791594 0.7214992251074605 0.27759723755552035 0.72799324211246 0.2794299627805009 0.7293421060929453 0.28829901133832603 0.7538369739785071 0.2810415164228976 0.6977143428524494 0.21679179153033962 0.5857895151500824 0.25388243911846353 0.6357564469042815 0.46466600817437625 0.6698572042384725 0.4596155999680692 0.7957290359401189 0.3919870645261707 0.7780430171257692 0.3106751656065366
1 0.7748169181990382 0.30652889622507146 0.7000793541792183 0.21661966452803263 0.5849558189993712 0.2532782345862151 0.6361817315605225 0.4653616889830485 0.6656961954415703 0.4596442968819505 0.7935989128223554 0.38978404713124903 0.7748169181990382 0.30652889622507146
1 0.7508771747843056 0.20861281099151568 0.8008073022922593 0.4103278747216974 0.9772526646858429 0.35083219140474214 0.9328712586495322 0.1739211542676502 0.7508771747843056 0.20861281099151568
1 0 0.14713435304074643 0 0.34288131457969273 0.14922039081255298 0.30531374526275 0.07125301007016567 0.1295094257496383 0 0.14713435304074643
1 0.14005070719473384 0.11269900437619267 0.15751278667788904 0.292588109511124 0.3485119547544443 0.2401218641412024 0.27520861800521823 0.08011148272450068 0.14005070719473384 0.11269900437619267
1 0.31030264653361694 0.08250391830871351 0.35226746907638995 0.2493593681302162 0.5478228038152327 0.19914804570447503 0.4734920266724708 0.043754387820635635 0.31030264653361694 0.08250391830871351
1 0.5285972918939561 0 0.5033080581641547 0.003967660038867482 0.5588094876085351 0.2269349353537841 0.742285253449897 0.1792511373392751 0.6972749976573359 0 0.5285972918939561 0
1 0.890017411146566 0.0009506997772443348 0.8895721192617859 0 0.7178433859763178 0 0.7175278145855326 0.07351026226832622 0.7416379372262802 0.16875442214878072 0.9184483639197237 0.1149810230820838 0.890017411146566 0.0009506997772443348
1 0.22254690354309284 0.626356328797941 0.08350510445365487 0.633179521307802 0.052925098075394805 0.7703875337778163 0.07589659434669202 0.8639774333497913 0.26609566381106736 0.8170397295947905 0.22254690354309284 0.626356328797941
1 0.21847240607342222 0.5706884655003991 0.2730562469178862 0.79544079393822 0.26627400909429555 0.5606956864109796 0.21847240607342222 0.5706884655003991
1 0.4663913225500954 0.5549941468632072 0.4872786100631841 0.7319829775615461 0.6646073842248597 0.6727512853299477 0.5858319218890979 0.5184658119285455 0.4663913225500954 0.5549941468632072
1 0.6297834783387396 0.5094134032083489 0.674670162033395 0.6881676686606552 0.858486386818629 0.6433056371991462 0.8139060537818003 0.46595994775662186 0.6297834783387396 0.5094134032083489
1 0.8402262340300405 0.4539167036828061 0.860869744546861 0.6456180518782313 1 0.6040519076468339 1 0.49941196340575605 0.9633005063360354 0.42435232363234804 0.8402262340300405 0.4539167036828061
1 0.9258458497394428 0.8960291535341908 1 0.8725749029929842 1 0.6628472846338838 0.8900755988887206 0.6921190628486931 0.9258458497394428 0.8960291535341908
1 0.8929688343148457 0.7860140106522759 0.8519942568745345 0.6930376300973023 0.7144396290316496 0.7268288960703615 0.7254170381424003 0.8917403213520114 0.7412254057340373 0.9536879603666086 0.9238649201275871 0.9084751822386398 0.8929688343148457 0.7860140106522759
1 0.5513067838746402 1 0.7391067361604584 0.9527623026500981 0.6865084866286566 0.7531652275870144 0.5223529725894819 0.7781330856642816 0.5019903161007392 0.9426020554917723 0.5172568403014715 1 0.5513067838746402 1
1 0.5157605726014434 1 0.5013426239783008 0.9447016950222762 0.4461269802219279 0.8143102695620105 0.31019486982138755 0.8349063452087669 0.31594163773758777 0.9671887320190132 0.3246773859045844 1 0.5157605726014434 1
1 0.11494850905552059 1 0.32247946091436464 1 0.3214456835636237 0.995853745512127 0.2019832506952633 0.857525978218409 0.09006976304481551 0.8965715042144303 0.11494850905552059 1
0 0.04731248218333604 0.3298779655907976 0.016885124130918305 0.30141473550864145 0.017582406417226148 0.31112948325377954 0.01871415726180591 0.32586596919922284 0.021215443137021794 0.337354339209128 0.04731248218333604 0.3298779655907976
0 0.07871901419271352 0.18348741646238836 0.08338717879386645 0.1920131208028097 0.08760233278412002 0.19290031662390256 0.09045095312807863 0.19412822754984393 0.09534977992295514 0.19484496459596187 0.09694171239667795 0.2012298570090459 0.09921977709852967 0.20453817518090395 0.10069886241185202 0.2090142020423836 0.10149208549916108 0.21656788606442662 0.09920959292861804 0.22488843212875534 0.09521986130044566 0.22782133569464702 0.08827002785902713 0.22616322090797936 0.08690048106106424 0.2308640909089918 0.08689387553830916 0.24394739946529298 0.09327315333762083 0.24768592149787713 0.09851187358088068 0.2541312185923819 0.06668728780437667 0.3231091322526696 0.14531940389142273 0.3035039437893532 0.0705405604760307 0.13175058711962145 0.03834179208133626 0.13805788505276267 0.0812351703413214 0.16445050227306676 0.08100507364308655 0.1693526760719835 0.07199789999109038 0.17983412381729175 0.07871901419271352 0.18348741646238836
0 0.06848559387435209 0.22800994462483953 0.06912392971045525 0.23238963045315247 0.0825661581137015 0.23969621574334593 0.08416799103128965 0.22718597355782832 0.06848559387435209 0.22800994462483953
0 0.2765885204524394 0.0910351700205286 0.2730611716421272 0.08125652760299831 0.15145048303013955 0.11399987984335161 0.15326478745569166 0.1329267399391192 0.14505990183726572 0.13497244768391808 0.15912690643133692 0.2913413892522466 0.22830239336799057 0.27021769975430787 0.22443513934196835 0.25616325135386486 0.2234082644439212 0.2578731813913406 0.22022055084720343 0.2523692620373854 0.274604088961636 0.18794062871900102 0.27870362910728347 0.19418570493493884 0.2244365168004078 0.25325625541337726 0.22853000515146218 0.2711306007557037 0.3480736904029106 0.24084076208226302 0.30413655172584725 0.14617947864098113 0.2841925561538125 0.15357447735001228 0.28319950962385526 0.1506507027176295 0.283737602588985 0.15174975826655804 0.3040228808351692 0.14572356959995186 0.2805749434355708 0.09537029776552472 0.2761310819728486 0.09502552573738691 0.2706614413010763 0.09493535895237404 0.2720315300598744 0.09023320358692333 0.2765885204524394 0.0910351700205286
0 0.25445946723603474 0.13918614990915795 0.22461270742757905 0.12434191342727452 0.22161230667945137 0.12687056643638436 0.2251865953563718 0.14988555333213754 0.23314564113999087 0.15273714096845142 0.23269785859340714 0.13492231983330924 0.2357751981771611 0.13415505290082158 0.23679134694446144 0.15279666517563567 0.25160092095695347 0.15976233291587957 0.25445946723603474 0.13918614990915795
0 0.23393967619025088 0.1602906225453935 0.22628085378368637 0.15693152685068087 0.23300829326444877 0.20024977713401274 0.23505848794804002 0.2011913573196634 0.23393967619025088 0.1602906225453935
0 0.50057509609311 0.12809265185075214 0.5028504176454096 0.1357622078381112 0.49031644891126314 0.1350109737359766 0.49144763426035426 0.15265425317680653 0.47353180384760174 0.20605346425692866 0.47888419498153956 0.21295467039246269 0.4726166568863045 0.2140330927713079 0.4684023266263284 0.21169294043964 0.4640718660521685 0.211802994533194 0.43661959675312145 0.19490899338322257 0.42773298128400067 0.19131137046712196 0.4244296656100036 0.18971257744253775 0.4091670692192853 0.1765611552484395 0.41314992532258704 0.18671047731951168 0.40665035934251553 0.19705210886767363 0.3913723389502434 0.21588001030271467 0.3798591933195512 0.22504811528949306 0.3722243096150702 0.2264674552182878 0.36083584277524494 0.21428825578766877 0.34728654900407585 0.19344245290014492 0.3398872718315878 0.17833163526807255 0.33772644490024384 0.16966503181116765 0.3339709305782982 0.16042752782215391 0.3612159564336969 0.13570811407502661 0.3523265860476973 0.1379244830399012 0.34151005230841835 0.12075788042287802 0.33925261418117886 0.0782028853401286 0.34278271790836995 0.08216753587668384 0.35189999557121415 0.07795619149848099 0.36113257981796487 0.07274759720563137 0.31126712348585917 0.08393359339041381 0.35204609673680876 0.2460328614822243 0.5460053666266103 0.19815763446486206 0.5057095176526526 0.11373198540147719 0.50057509609311 0.12809265185075214
0 0.40324604186251545 0.16883207505389614 0.4144250758373019 0.14230505797300483 0.38956809796691444 0.1467438840693823 0.40324604186251545 0.16883207505389614
0 0.6035058579382951 0 0.611157187040945 0.014522713835069645 0.6401001032816656 0.012635488958181807 0.641696168130707 0.010299393549802981 0.6972942682099627 0.026474556541643678 0.6928192887420168 0.090087348852447 0.7003391240973803 0.09111909582311059 0.6847996052756036 0.18026185774525932 0.6431058581826653 0.15722789707537851 0.6468734878611242 0.14175410874614064 0.6283964622458988 0.1783364266349031 0.5932022556417745 0.14786979375092177 0.5708607191500792 0.16603642542374009 0.5518492257274972 0.12911143661885277 0.5703155134446489 0.11433341510785437 0.5257863315620049 0.06681388573349131 0.5578187145103192 0.0379953475403898 0.5555428392298579 0.03177983098294339 0.5679650682599277 0.027714120673648777 0.5599977085927692 0.010321389552654648 0.5771655329829836 0 0.5279622594849492 0 0.5045901476635605 0.003647999224514464 0.5587527871642539 0.22670752229293817 0.7427985549195608 0.1783973564624252 0.697683174243426 0 0.6035058579382951 0
0 0.7414748664459214 0 0.7191501517364622 0 0.7190444526666997 0.028931909943454272 0.7281600028329106 0.01822099893539386 0.7435905605580662 0.008621386428530099 0.7460281360125108 0.004561765093427006 0.7414748664459214 0
0 0.7580485188942551 0.14270820376632048 0.7497538577801547 0.13365348948047537 0.7530830757338511 0.1516171678531532 0.7509171889969001 0.15330742249327547 0.7474045064283439 0.14152600898726223 0.7407323546162076 0.1355197734512564 0.733970133642348 0.12800042638126646 0.7331611623482164 0.12244863297346983 0.7322694083040692 0.10157674974099429 0.7319127102304595 0.09207614680496375 0.7293953436827263 0.07506143980667099 0.7237362010457042 0.05409338372942374 0.7253232296234431 0.1025414175689423 0.741437652388768 0.16832816005911339 0.7653460658407678 0.1615999140520928 0.7580485188942551 0.14270820376632048
0 0.7387033336730087 0.12968900170404515 0.7469989182949555 0.13759209706948386 0.7465538845738164 0.125430012437075 0.7471009052146574 0.113787789901766 0.7504474822789512 0.09492685791974642 0.7582636473976155 0.07208283784111838 0.7555591730291686 0.06815388485483775 0.7498761954671813 0.06727033344934319 0.7429303983335662 0.06708466772132322 0.7353553397699303 0.06321984933949501 0.7288085237335894 0.05714210573992871 0.7338551683940242 0.08257166785677286 0.7354689746845267 0.1028804938489869 0.7353669877648248 0.12668480101670482 0.7387033336730087 0.12968900170404515
0 0.7397474026908143 0.02318691387919345 0.7415544116603799 0.017750092366656478 0.7310853192550877 0.028798479357950945 0.7288248435550376 0.039334646399790965 0.7282795095160653 0.04752458290275761 0.7289978070116718 0.055016431283148794 0.7350388503780938 0.0596467520061589 0.7412624837204574 0.06154689144974594 0.7476665900209538 0.06301900453538516 0.7520314563126675 0.06236551126507672 0.7461375230844514 0.05457906525484528 0.7400986594118052 0.044194708468219226 0.7394719592225711 0.03361118619482713 0.7397474026908143 0.02318691387919345
0 0.7599886389068237 0.13780526148710268 0.766933019440685 0.14144429616680254 0.7756811472852694 0.14539966492334472 0.7908355611241268 0.14507311070191015 0.8022928415957539 0.14375090790367379 0.8148355718824984 0.13525319080188875 0.8252164401851566 0.12039190563891036 0.8175497843151485 0.119618761150083 0.8102454909611592 0.11453619499368028 0.8078995128130865 0.11550414243578237 0.805548856406418 0.1256786144189435 0.8010337767748759 0.13639388796049556 0.7980559270870662 0.13828658770153796 0.8036562334439339 0.12269863280704811 0.8049241128211687 0.11164388903254636 0.797530832270523 0.10504909181639585 0.7897785135386679 0.09355867953630086 0.7733643344608778 0.08537699978435258 0.7742657150243325 0.08783691685404724 0.769304519706585 0.08638922528895368 0.7617314177469335 0.07907320379412028 0.7568533867262126 0.09179526849773781 0.7532352324893206 0.11187415069943274 0.7572898758931106 0.12237019976716419 0.7599886389068237 0.13780526148710268
0 0.8272937212724626 0.11603908638307234 0.8363223523908975 0.09921332472695363 0.8464359402325424 0.07751379879855955 0.8458959360012932 0.07534796012383635 0.8388565849573215 0.08170517140182239 0.8290223557484928 0.08607456758545977 0.8151291864242898 0.08800410568645671 0.7906951670757995 0.08339897357383985 0.793567944630325 0.09261386825030615 0.8017712315278445 0.10245742347854145 0.8126818729056419 0.11162710965964613 0.8272937212724626 0.11603908638307234
0 0.8437114966437823 0.115013361119725 0.8517421389557114 0.11147667905077499 0.8601359068776825 0.10132990820231354 0.8628451710496211 0.09490092017222959 0.8668201349050182 0.0831712244312599 0.8565376103162082 0.0811316915718677 0.8486552266967264 0.07805434527946624 0.8465227477354229 0.08478006592192315 0.8401114019355431 0.09941884699692705 0.8315332458908656 0.11689950163245943 0.8437114966437823 0.115013361119725
0 0.9047116283857239 0.07487405246258394 0.9008305999876949 0.07891053764157956 0.8922589203483782 0.08258096522840508 0.8838689071771565 0.0846728304562138 0.8701577858680597 0.08387347264222585 0.869160783245368 0.09255905216684765 0.8635621634903694 0.1046947210289952 0.8564312151400258 0.11414360619998218 0.8420853910482892 0.12117228738518135 0.8282837074855622 0.12116156806848269 0.8209709811222282 0.13334043207379193 0.8085181615399867 0.1421987613149185 0.8167260151512064 0.1439872084774 0.9173216900469428 0.11276936776033501 0.9066994918604336 0.06785887103613102 0.9047116283857239 0.07487405246258394
0 0.7816318984001773 0.15081970706298145 0.7735139554934607 0.14939187203984128 0.7629221200250405 0.14495989714452726 0.7688185144486814 0.1593837554640356 0.80625910243969 0.1492815594050787 0.8002155605084482 0.1481037271595118 0.7816318984001773 0.15081970706298145
0 0.8647542784837844 0.06450837501666928 0.8547407209578569 0.06585479689035037 0.8506875798288537 0.07323422863590942 0.8575317328270687 0.07704893408065723 0.8670028364258553 0.07928962667653142 0.8662845389302491 0.07179777829614023 0.8647542784837844 0.06450837501666928
0 0.8895547159820468 0.07865309516146173 0.8985777942029675 0.07448594163364368 0.9038131279341004 0.06781131335947795 0.8747681060118279 0.06316303606232547 0.8680576450756563 0.06363069201565508 0.870614737347178 0.07071813857293266 0.8713329232978884 0.07936140342862932 0.8814350864734612 0.08067754617066396 0.8895547159820468 0.07865309516146173
0 0.8919340446204895 0.00978976062847985 0.8891384660375776 0.006650731503926632 0.8893133860981962 0.018881313274279377 0.8860605860340506 0.028896535299682037 0.880551876983555 0.041392816301170976 0.8736023250991908 0.04926205619380384 0.8691805293758901 0.053433369810012364 0.8655711896953546 0.05510048829402727 0.8674976764237909 0.05706096714467464 0.8810849117175363 0.05967063205587464 0.8943446344450292 0.06096671581085507 0.9052574555166031 0.06438236592834387 0.8919340446204895 0.00978976062847985
0 0.8626013914698788 0.04088209142932584 0.8636836265384774 0.04176364858510464 0.8676536421331631 0.03923939446585658 0.8747825223346263 0.034393128883180114 0.8783943117110533 0.0269730572548867 0.8746998511295067 0.017921622583195608 0.8704546781001306 0.011272315406296186 0.8703709577674354 0.016699309830028854 0.8696446088094956 0.025318558055381545 0.8662127992992945 0.034612353357000504 0.8626013914698788 0.04088209142932584
0 0.837690830986913 0 0.8217893137705976 0 0.8288764894666597 0.0140047897093182 0.846735808089903 0.018757319585031507 0.8440334018703366 0.010225747010440368 0.837690830986913 0
0 0.7870057356867656 0.028244728885025515 0.7772672886832046 0.03646079618490581 0.7767192329896214 0.05040605411592649 0.7849270866008411 0.05219450127840801 0.7870057356867656 0.028244728885025515
0 0.9092251682601533 0.2644904382226122 0.9080492677363023 0.2713031745481449 0.9156272064117695 0.27056517089656185 0.9182446032752203 0.2672267738401416 0.9227530949565061 0.271473143822602 0.9346575888430486 0.2765589895931589 0.9208542186784527 0.2800005563088027 0.913997839157434 0.28247725275139746 0.9206672693149592 0.29423880971545746 0.926347748312127 0.2985748495983953 0.9379821285381491 0.3037291925068959 0.935183877169554 0.3086459494772321 0.9278762106118267 0.31046795538551414 0.9212055869443395 0.2998569344225231 0.9121023360831189 0.2841000931729133 0.902990540667657 0.2867560985603211 0.9004631660536051 0.28930369128077726 0.8962180885376878 0.30110188415969086 0.8895406069178282 0.3054514238013748 0.8833165920284534 0.30470161791375583 0.8768212699685961 0.3051708451651496 0.8799755678616737 0.3109039417674746 0.8842158555740998 0.30946368990492573 0.8919749207134308 0.3071449580556511 0.8993660215703002 0.3194937913354175 0.8925987407908338 0.32233130236245466 0.8838485447973685 0.3229785531942229 0.8809642490199158 0.31832837592925944 0.8756491241954943 0.30392867587002936 0.8695132218638577 0.3081431846293997 0.8672540512186655 0.3163773991948653 0.872028901809722 0.3286101776600347 0.8652620025772668 0.3302973551311038 0.8664290885447615 0.3418963825232512 0.8756322581768037 0.33845153619345336 0.8772541159296404 0.34264926557992337 0.8790564466406103 0.3464189686084455 0.8658849480157513 0.3489357830251489 0.8548776495259744 0.3532146288340724 0.8259160619028438 0.3627371907249684 0.8260092342661898 0.3573446472749304 0.8475716695701164 0.351584348710012 0.850821589522431 0.34617194871802076 0.8657073063005214 0.3424605226828502 0.8637299439840372 0.3276116543592807 0.8656288202620905 0.31908424187308004 0.8685199739919156 0.30877385853336864 0.8669896020005551 0.30263587172920303 0.8656390514182007 0.2972191092037203 0.8614040935134977 0.28830358588857946 0.8576194522253324 0.2788904561582096 0.8529327141920138 0.2716219923400293 0.8516670145085554 0.2769227000509152 0.849859893994094 0.2835109380387576 0.854726723438534 0.291501709054958 0.8613084714542605 0.29944908248289587 0.8643697554412126 0.3117272219299017 0.852279028372875 0.3162750465841154 0.8448827561655022 0.31543448787668166 0.8502130604067455 0.2987636136448302 0.8449814814263622 0.29738333629834307 0.8389353782543326 0.3031098736723602 0.830370715024608 0.2929722400491534 0.8254145795124677 0.28116769038703265 0.8305580459351128 0.27758365308653055 0.8404811996646304 0.2781783691047815 0.8376889942854564 0.2681347679155436 0.8310148858693353 0.26557973549254277 0.8295744245824779 0.2598023608277186 0.8189231726171835 0.2747310602093035 0.8102653370241134 0.2699859700361346 0.8159524508838614 0.2616642822650083 0.8261480564248952 0.25758896447634233 0.8229921834748446 0.25415673743105416 0.8287658348353576 0.25310023386395414 0.8303028416892984 0.24658049301405552 0.8358966716408054 0.24480276516827243 0.8440142330005107 0.24738093374738074 0.8402298617144611 0.23796888693634816 0.8349064154255903 0.23967920056352474 0.8334620878430874 0.2431081479946587 0.8179436875623095 0.24774452877387051 0.8156007010709636 0.2429582377072559 0.8242643595636636 0.2350458026714614 0.8287755728995606 0.2335368512258677 0.833195952023108 0.23281890656133894 0.8345474261133088 0.2370840501664154 0.8398692973452064 0.23767460609627583 0.8374392313922607 0.22562441619007326 0.840420072736797 0.21797747794031394 0.8506116535249658 0.22195598285296353 0.8622499000466333 0.2179040036655059 0.8637802720379936 0.22404199046967146 0.8700054804373304 0.2236412603562215 0.864685788899209 0.21729666836274522 0.8607221381649882 0.20716211190859166 0.8561295586788293 0.1898976045778265 0.7517244629919507 0.20958630389325306 0.8023488971055167 0.4100355310397636 0.9771319737401587 0.3503481264609415 0.9440907348427103 0.21782695547065262 0.9232268009094191 0.22494636590519032 0.908341577223236 0.2263560419090873 0.9093366232419428 0.2211216654974706 0.9205222149960764 0.222168829394215 0.9437975633983772 0.21751587168720388 0.9324520079106549 0.17547038467963594 0.8573925386642806 0.19034876709188175 0.8618943954829857 0.20725286472840637 0.8624363563182198 0.2059675002901246 0.8739822424394925 0.20730786210760402 0.8780420571937851 0.20629563660300293 0.8839973750223933 0.203660570676886 0.8859786036345225 0.20930311690449716 0.8825469056692171 0.21744549573081073 0.8756909076952096 0.2187718586174376 0.8753278447611352 0.22193006625480854 0.8810114738722495 0.22166436702367234 0.8864215692067811 0.22606782112521664 0.8905762429262885 0.21621076613823514 0.8943661671098525 0.21296420482096695 0.89291934096253 0.21984564072954438 0.9047330495056511 0.22802295794800126 0.901484004192255 0.22998327435275115 0.9097820385100934 0.2321334165739115 0.9125777286379009 0.2341210292231592 0.9070723927911434 0.23971273815996338 0.9128447390967989 0.24095818706923752 0.9137461196602532 0.24341810413893222 0.9154589212137314 0.2456768614721449 0.9230352848322255 0.24723972737759886 0.9172664232752039 0.23793828992833443 0.912489504535267 0.2303081310514754 0.9209693168660958 0.22972829443831352 0.9287287635524383 0.22625922903307094 0.9325152029873687 0.23106865625579295 0.930888015426809 0.23722670204701285 0.9225882945071018 0.2385288458581948 0.9284516334823263 0.24013578738104696 0.9339522910704879 0.24375060298530196 0.9316510210767888 0.24640480355709898 0.9362963126145761 0.24623385865620487 0.9413446969822152 0.25379748378869393 0.950634515659918 0.256466405187617 0.9380935835199384 0.2603604197817542 0.9269976793805166 0.26197670097496195 0.9185166735397253 0.26370707358919276 0.9092251682601533 0.2644904382226122
0 0.852554759718344 0.4943667287817384 0.8501236606692599 0.48461612306813445 0.852018351780624 0.4829934850917196 0.8538223690934628 0.48331090208789923 0.8520217249843622 0.4760889130270348 0.8561750936490116 0.46853381051642773 0.8564467823665053 0.466164443821447 0.8594238689602927 0.4665724111923405 0.8680854593041122 0.4632625957448564 0.8674540808562823 0.4618855980125233 0.8716969786784234 0.45584144119722564 0.8667352902687693 0.4566954996634056 0.8615948155028507 0.4545252984551911 0.862950537435708 0.4484337864083412 0.8412273393280888 0.4547011644428348 0.8462312076051586 0.5116682769175589 0.8502923274143092 0.5083540989365835 0.8475898096498471 0.5009739428372978 0.852554759718344 0.4943667287817384
0 0.9609216875135062 0.43551382043303394 0.9643471810321703 0.4411793003716517 0.9631733486571992 0.44338941710887403 0.9627202634737262 0.447338429082209 0.9639823199513312 0.44894121051667063 0.9662381173927853 0.44761156801588975 0.9708382063804433 0.44876626410534903 0.9736342780552618 0.4496035431986288 0.973092317220028 0.4508889076369106 0.9729109207540487 0.4524685529152648 0.9733593276789261 0.457726065482989 0.9729974582548137 0.459733737119291 0.9714633315127038 0.46165065593577825 0.9660511680292917 0.46184982142254444 0.9668614443782811 0.4650996623539666 0.9710098647822193 0.46675000146508133 0.9753393001051256 0.4679710288538098 0.980753531737418 0.4631692437787332 0.9626417774352956 0.42396214827243883 0.9482486560610001 0.42849740270365144 0.9528046681146357 0.43293436648948747 0.9556910320409691 0.4329819241661406 0.9579455244275655 0.43395423414173406 0.9609216875135062 0.43551382043303394
0 0.905355179700903 0.618509517098993 0.9046350840585321 0.6156213712262497 0.9086050996532178 0.6130971171070015 0.9130260207376001 0.6123778870780345 0.9174448248041743 0.6139608119705429 0.918076966346027 0.6130371425909397 0.9211447267383395 0.6115050549892388 0.9240319026276236 0.6115524102207909 0.9261945277057324 0.615615311170048 0.9293520872576522 0.6155952521829937 0.9280002316204401 0.6124804421338853 0.9264699711739753 0.6051910388544143 0.9284557664998049 0.6027784770162719 0.9309797679101187 0.6071354563605004 0.9355811619526341 0.6059881999735856 0.9416251969757834 0.6048642821878788 0.9468567759561666 0.6062445595343661 0.9458667897430667 0.6011220778489557 0.945958387049439 0.5980304039559547 0.9454200694200585 0.5924122792488891 0.9432545642301189 0.5929522003330433 0.9403698869056546 0.5894523566240479 0.9440708238925619 0.5846935642470319 0.9448852365393122 0.5787381660018334 0.946870761863026 0.5763245212443534 0.9441682440985639 0.5689443651450676 0.9419124466571098 0.5702740076458486 0.9396549626137867 0.5750559361789718 0.9408263452928658 0.578598772586028 0.9335106272728046 0.5965318751000541 0.9265631435373208 0.5997984954043764 0.9216044467843931 0.5948983153618395 0.9214214752614405 0.5987788301972307 0.9201560455800972 0.6040806208274538 0.9157322932528118 0.6117031375566675 0.912484822996389 0.6113625844043803 0.9109536879110058 0.607525264712151 0.9082461103409363 0.6105019667098924 0.9028327533475622 0.6118516681977275 0.8990496871163703 0.6001376689103206 0.8985042415325026 0.6094790218885926 0.8948013479416106 0.6176890173786136 0.8927243368564202 0.6220429195537889 0.8903749855046094 0.6299154390605759 0.8771246192943085 0.610206306223477 0.8715344325486551 0.6050805449239126 0.8746921036454708 0.603909069461553 0.8636937312569464 0.588624735077491 0.8606276574665028 0.5867045366468497 0.8545871071919878 0.5797724658925663 0.8612341184333081 0.6387154913083506 0.9089602226698539 0.6248985896000692 0.9089619092717228 0.6214463035677268 0.905355179700903 0.618509517098993
0 0.9908404039512734 0.49670737728715475 1 0.5031200778256981 1 0.5019859838075444 0.9897124800855737 0.48238057228665454 0.9832691001383866 0.4847876532846736 0.991567022911329 0.48808921198113947 0.9936393557379235 0.4929418343470232 0.9908404039512734 0.49670737728715475
0 0.9952467971679614 0.5259094709126386 0.9933491143998701 0.5332863473977703 0.9944293928644841 0.5376191076665541 0.9900978893926977 0.541000699866136 0.9983010647453214 0.5519956715696768 1 0.5469043887197675 1 0.5226364897065798 0.9993062303752428 0.5260475789640056 0.9952467971679614 0.5259094709126386
0 0.9939494335960019 0.5956532796820619 0.9888974529348331 0.5972970595648686 0.9859194917021277 0.6003411757812165 0.9754526905355073 0.6044841102335898 0.9841109076755886 0.6080788668507904 1 0.6029841088994001 1 0.5927099182650171 0.9949431745598512 0.5927208557468194 0.9939494335960019 0.5956532796820619
0 0.7746588106433479 0.49758151077728374 0.7801610432884829 0.49889545682450176 0.7796127175927839 0.5128396318361853 0.7768102810574999 0.524661163316307 0.7853833772965702 0.5175373667778018 0.7898949721794782 0.5148780817762402 0.7928720587732655 0.5152860491471337 0.7965686990485881 0.518583447755209 0.7944909248693753 0.5252380170423203 0.7861000997352028 0.5273300847152299 0.7802357745761643 0.5303266432549248 0.7868199722877824 0.5325210635385842 0.7914188677654781 0.5348262956291127 0.7993529645103238 0.5435867290748855 0.8072895109510612 0.5465942093763797 0.8140534185267894 0.5506612704140273 0.8176581914936245 0.5570492599957662 0.8172912622639051 0.5694137897290954 0.8141281498144709 0.5820924568444503 0.8094360819734299 0.5851797682039599 0.806638705243753 0.5866444415870544 0.8144798996273689 0.6007985014022026 0.8213303447038622 0.6121307466438763 0.8249366927276707 0.6162178666685784 0.8197937193969326 0.6175001539378071 0.8074405485833973 0.6071557126801886 0.8015816647769773 0.5986450795668882 0.7964454378537151 0.5861182227067474 0.7900413315532185 0.5846461096211082 0.782735240052465 0.5841672459723533 0.7773181283083415 0.5935718530808411 0.7742436215085525 0.6089130848119119 0.7709022157947614 0.6162657422215988 0.7654001416068466 0.6161042955690235 0.7707122747745411 0.6362582341369702 0.7709809718353079 0.6396431059507063 0.7684527225823375 0.6456427822584039 0.7642131979639344 0.6447823670090169 0.7619558254655068 0.6484128790668346 0.761048892004538 0.6586115701254407 0.7620384966706266 0.6648843853668192 0.8579386189766881 0.6448098445492538 0.8139135355584097 0.46708301552045234 0.7554050094771079 0.48089211806346094 0.7605022740661008 0.48577040188685505 0.7659127509476437 0.48902352243243136 0.770598995889055 0.49859373628188486 0.7746588106433479 0.49758151077728374
0 0.7098852391895217 0.5075948539842371 0.7088948714294105 0.5036227058547948 0.7056511559237368 0.49522724708185484 0.7056528425256059 0.4917749610495125 0.6937445938883141 0.49474402089960845 0.7098852391895217 0.5075948539842371
0 0.7589531049699655 0.6144599983087439 0.7524506549556207 0.6298887032454752 0.7464071130243788 0.6287108709999083 0.7468988318326515 0.6329902341863051 0.7422050773897413 0.639529831578157 0.7396346608944093 0.6430566565992781 0.7318279638378324 0.6463362111204826 0.7272265697953169 0.6474834675073975 0.7226276743176213 0.6451782354168689 0.7188412348826912 0.6403688081941469 0.7116254356334518 0.6391002231287654 0.705128538516621 0.641870319937196 0.7004402254263293 0.6369027256760529 0.6968803646787326 0.6353057836473253 0.6900710517918588 0.6287494250879397 0.6806025583027877 0.6219048275393169 0.6806042449046568 0.6184525415069745 0.6803830213039156 0.612954347626666 0.6842208240845753 0.6006745288623165 0.688280638838868 0.5996623033577154 0.6779123398433159 0.5880569191823609 0.6748509443114681 0.5769301962106606 0.6789124456676301 0.572465684673717 0.6706160979516608 0.5668632564202143 0.6657476934502475 0.5611733549610507 0.6666096284259517 0.5554050993161147 0.6662948256359843 0.5483797159504363 0.660794549594834 0.5436145667902134 0.6558358528419064 0.5387143867476765 0.6561995204127834 0.5321030126037266 0.6577344591178441 0.5301858913421386 0.6603491343266837 0.5326028157137722 0.6661197940304697 0.537300550655389 0.6749573394876506 0.543918281582546 0.6774854771957252 0.5390700217501536 0.6692820318409858 0.5280739671272755 0.6661278454928039 0.521189454049645 0.6692878547406155 0.5154164419183123 0.6756060770460781 0.5084706689601814 0.6875192739440814 0.49629616748836386 0.6287625591677707 0.5096875009995463 0.6742123518821554 0.6885176124285959 0.7546869762686688 0.667685826020867 0.762642617290801 0.6327168746021566 0.7589531049699655 0.6144599983087439
0 0.48426200151974524 0.6251510021205384 0.486736780469225 0.6242050022378606 0.4899846322726593 0.6233952218341796 0.48503925954038857 0.6183824470897494 0.484960649755725 0.6200457374205655 0.48256365100005344 0.6203144081434091 0.47893079576424674 0.6185907356430181 0.47730999069205665 0.6111042121349554 0.4768491558342104 0.6062880390390966 0.48110204952133345 0.6045697371703309 0.48303428062668113 0.6073765095066326 0.4842729507218147 0.6034513247555018 0.4879091615334551 0.5992561839170892 0.482577143815006 0.5926961198846701 0.48296577282532765 0.5893118423692755 0.48814280737280435 0.5952537619051621 0.49185510198412974 0.5943281829037549 0.49386684493321786 0.590539217631621 0.4961099620674917 0.588664072957487 0.49959227167322606 0.5838516680967782 0.49990425729512306 0.5781848728346975 0.49433523816149094 0.5815460441530093 0.4895420702410031 0.5810974244277145 0.4854464685914285 0.5755426595282104 0.48104169493495547 0.5697371619164215 0.47911197023007784 0.5629867473412924 0.4825940098336966 0.5581732595612461 0.5022395122848218 0.545056632119246 0.46757241950016504 0.5552448793332231 0.4763740338263653 0.6281045979211968 0.47923464579907293 0.6287060897716089 0.4827152785951922 0.6268513659787454 0.48426200151974524 0.6251510021205384
0 0.5235033134076672 0.5433701704241365 0.525438917716753 0.5392723706957534 0.5096206194179989 0.5435291802707265 0.5170828463817239 0.5502310129653669 0.5218004528788537 0.5483979954182121 0.5251261025040007 0.5459251271288161 0.5235033134076672 0.5433701704241365
0 0.5515679773249581 0.5383236681890141 0.5568292136312865 0.5327387588971162 0.5609270888916281 0.5323738299835801 0.5669563832943668 0.5348158758514467 0.5691172102257107 0.5434824793083518 0.571438937144648 0.5399440443034018 0.577777673556401 0.5426379058028907 0.5839627807209673 0.5447121349963079 0.5872078365373075 0.5488341238411112 0.584804920965015 0.5619259775223423 0.5856552144240379 0.5623719119318246 0.5888269824277874 0.5582925696911382 0.5907603503385187 0.55813949512092 0.5947793085996685 0.5614117422737379 0.5925297522724468 0.5751221453417035 0.5943819667856317 0.5825509719960041 0.5960092482631826 0.57622726845536 0.6004951929451063 0.573465106116749 0.6034330255228826 0.5743763128976463 0.6082247866358712 0.5777836966101237 0.6146373528210501 0.588677603830664 0.6166465521572553 0.5908072494522328 0.621047123019135 0.6045032802996886 0.6164819913359036 0.6109015357853164 0.6192614499110646 0.6190849288602472 0.6223537236989781 0.6206155655021155 0.6236547147767286 0.647577147927392 0.6027034588645199 0.6426097702701019 0.5986081095891567 0.6380418470158162 0.5975994421275184 0.6448680989003674 0.6017694683950675 0.6556643479788412 0.5995227080549399 0.6644429817983225 0.592331711787925 0.6652489939668534 0.5849101709265796 0.6631552243664023 0.581819863534905 0.6576787796470318 0.579119032372312 0.6468463375154039 0.5726997197796568 0.649761574424233 0.5766414398078336 0.6537098653724469 0.5801897684423558 0.6699200111620413 0.5757032641716923 0.6736692175909719 0.5717595601193722 0.6746524934461414 0.5736901144151049 0.6804169468502886 0.5747684264834803 0.6886955151965743 0.5723683245261861 0.6958698409034401 0.5640158963970109 0.6999249940277062 0.558836643079084 0.6969420409241032 0.5554351972842722 0.6951606715699501 0.5528879601130566 0.6869193791961561 0.548712611873435 0.685987751533988 0.5480181488041441 0.6841882417241753 0.5499535007390187 0.6791036003505738 0.5512679846317216 0.678446894517111 0.5523516363000738 0.6758750827212101 0.5549822632671904 0.6725897487123206 0.5547514310428396 0.6706746427498822 0.5528186227208478 0.6698406732297809 0.5498802305543322 0.6699165105392029 0.5457062714943055 0.6670118776157336 0.5433106619182287 0.6653075430772757 0.5422406807464211 0.6590409650884362 0.5408456030449112 0.6662925280560984 0.5365152363785083 0.6667142733491603 0.5390658467534621 0.6680509936582695 0.5371313420373471 0.6711639151350077 0.5328762119518694 0.6768269421619383 0.5297061579701479 0.6759736346799041 0.5200465519444855 0.6658893054179439 0.5217502420641541 0.659875519252886 0.5075945893732577 0.67228130979771 0.5073617907526684 0.6743120119127737 0.5107632541753846 0.6751076225410457 0.5112257305870368 0.6789376320208216 0.510217892716254 0.6847779227343904 0.5040327855516875 0.6827036935409735 0.5001674389098197 0.6810368374201083 0.4939825841194647 0.6799494498719098 0.48965221745306176 0.6803711951649716 0.4891905530043603 0.676540983240095 0.4905058841158231 0.673912557509769 0.49723323190999313 0.6742079002197447 0.5051984202084415 0.6715640193495717 0.501878127811176 0.6622007487708996 0.5004884073375477 0.6576161728704936 0.49785918717793043 0.6579427428922004 0.49306601925744253 0.6574941231669056 0.4908212429414582 0.6613411901830037 0.48757395072676346 0.6611639264963651 0.4848697463604322 0.6572360564294218 0.4877337315368778 0.6509329762151491 0.48765735815056876 0.6486515413878005 0.4871176435059435 0.6454975757034205 0.48951687865996957 0.641284179822412 0.4923022364238472 0.6376301486648367 0.49276866325588164 0.632582783263727 0.490756937934698 0.6353859898099797 0.48658101247843233 0.6364271649640124 0.4807803315295943 0.6388591914908678 0.4769152548898421 0.63719341828934 0.4882266208642211 0.7299982495149168 0.6631588638524061 0.6725971352068141 0.5852939210725808 0.5204035244490179 0.5363012250704393 0.5344119972026669 0.5429021567663864 0.5510043805625433 0.5462291955711283 0.5465585070118457 0.5516420771004997 0.5465247968294029 0.5515679773249581 0.5383236681890141
0 0.24785491868821397 0.5876901250133688 0.2578307131303669 0.5842171257775817 0.265717544018363 0.5842233768834434 0.26580519144917436 0.5618454898843364 0.21917678099376894 0.5707566956544864 0.22565882349003955 0.5984842734203784 0.22937310212550818 0.5926271276155879 0.23532658273067747 0.5918006945657864 0.24785491868821397 0.5876901250133688
0 0.26252735271354266 0.7176976330662795 0.2660093923171613 0.7128841452862333 0.2677849634419217 0.7180304541938479 0.2698699765756963 0.7234285787330846 0.2690949196975985 0.7282239260574712 0.26646429273048217 0.7315092600663606 0.2625206063060664 0.7315067771956492 0.2620555686536269 0.7345811373354573 0.2588082940668367 0.7334181149229375 0.2716484206681476 0.7898565741692508 0.2709144370794558 0.7088384951753379 0.2536969310206137 0.7104477953279726 0.25525940584357487 0.7181950132236624 0.25866142885503085 0.718003579761615 0.2597425369105002 0.7213503788594167 0.26252735271354266 0.7176976330662795
0 0.09856884394916499 0.6629566100459533 0.10204810519359402 0.6620891327885101 0.10699708587590968 0.6621699358393554 0.10591796184458357 0.6538915699381704 0.11125418235762612 0.6525611007349228 0.1145045777739433 0.6458327094375391 0.11906774306093579 0.6433802620294136 0.12687398014012521 0.6499813702694743 0.1306601397806855 0.6552843195373561 0.13877976928927122 0.6532598685281539 0.1459707479283816 0.6534396150855041 0.1502202507838622 0.6596116440073042 0.15246307833151213 0.6587246263428271 0.1533192886071562 0.6463473777939217 0.15973973800519503 0.6404722939785725 0.16762573930233596 0.6414645062554161 0.17334779283860607 0.6416815287852581 0.17845040276810822 0.6423819641421751 0.18734169832314915 0.6434524965991524 0.1923687468292931 0.6418712946836197 0.19723969494358934 0.6416425852490804 0.20543795186474298 0.636969085183181 0.20976525254193618 0.6414780262192659 0.21796235502980182 0.6407501317857676 0.2240713960225876 0.6385690404162981 0.22137056485999446 0.62773659828467 0.08474204289885652 0.6351727450052729 0.08149700430411305 0.6510683511875989 0.08480914389271069 0.6561961761298127 0.0885969999273943 0.6575522344008549 0.09392988249250749 0.6611548198105297 0.09856884394916499 0.6629566100459533
0 0.20374124072880578 0.7433233305890019 0.19430770454416108 0.7440316846154664 0.19825027179109758 0.7460082556668167 0.2054404208393527 0.747173963395149 0.2123146338453287 0.7628838412664471 0.21788087461977104 0.7634686804707387 0.2235223519751388 0.769294801408899 0.22668959234186198 0.7760656368652986 0.22761234402262068 0.7856988635312525 0.21756073578289845 0.7859033838493714 0.21686291713777375 0.7900226873783622 0.2251367178543812 0.7886165833107935 0.2293064741198146 0.7994117494699298 0.23015478355469438 0.8047892506827953 0.23300612313494717 0.8241327388303985 0.2647115683153357 0.8158987153145926 0.23392557706285594 0.6825403409493453 0.2252656733209053 0.682397870364487 0.2314368240477175 0.708134833465105 0.19135819988278122 0.7112019712242308 0.21821589545119097 0.7114426835720653 0.22492695444331448 0.7442880837892643 0.21804458822236308 0.7453461140345184 0.20374124072880578 0.7433233305890019
0 0.13773881555332027 0.8363682090103023 0.1304795814870676 0.8191106369608134 0.12313836443241329 0.8104209273068255 0.12159840554324104 0.7973263883097818 0.11309490940766662 0.7938575395083922 0.11052465465483259 0.8309896900453099 0.10016443399695138 0.8299564335608245 0.10102960945052179 0.8008110744502662 0.09538591332470397 0.7979439199443895 0.09103754383422677 0.8358483724673953 0.07727585975362924 0.834019505354638 0.08255708290817516 0.7860203220294129 0.07552168228458574 0.7835001584265135 0.0690287922927156 0.77920219125951 0.06416374336713608 0.7675934764615429 0.061849322444414434 0.7563357232468038 0.06224132465847434 0.7460468736667246 0.06889204669212418 0.743073939904133 0.07307248215751155 0.7321683457788956 0.06580805929753697 0.7178578280489794 0.05318211270624802 0.7709894408816345 0.07617873289822895 0.863223846683397 0.16595965988930278 0.8398520428941264 0.13773881555332027 0.8363682090103023
0 0.2590637671040186 0.9281495961953322 0.24351781672285008 0.9379436136559509 0.24482975700267015 0.943205518716191 0.24335886550359104 0.9471886027661848 0.23949155246548437 0.949467554722822 0.23153226335575253 0.9402740113604885 0.22263900140447274 0.9431492869810135 0.22039956468846528 0.9361459738549247 0.21614921461422512 0.931945664829988 0.20826124692084527 0.9348992606306462 0.20964957821487878 0.9414568417923539 0.20825646690960792 0.9447625966825136 0.21289403918667063 0.9485373921792387 0.21861528075998984 0.9487546171541819 0.22750405033005236 0.9547580017789807 0.24281045568315504 0.9608038305627954 0.24203541643296173 0.9646134191613006 0.23700862030102904 0.9671814627220519 0.22270585002411575 0.9631858764603347 0.21520651134105764 0.9627551947455988 0.21466483030019345 0.9635470371387209 0.2148950853079002 0.9674349459173598 0.21991654183985593 0.9757172824987957 0.21983594803104914 0.9823121396329949 0.2218428933409954 0.9893722691386098 0.22470377531581853 0.989974843908359 0.22678794123083335 0.9973446883444591 0.22941577221085563 0.9989911235840537 0.2293537360507873 1 0.3212958326119833 1 0.3206549451048158 0.9972828041066653 0.2590637671040186 0.9281495961953322
0 0.2174335920474962 0.9944169492239068 0.22083786908521102 0.9892950318778133 0.21883148336400443 0.9812478582818793 0.21504278011056127 0.9818635199077003 0.21017213921079342 0.9801183436067016 0.20731490044182407 0.9726122796916048 0.21419867347027477 0.9685954854591678 0.21381480684328605 0.9631021856485761 0.20809471970325483 0.958939355041232 0.20523353051390333 0.9603106660070205 0.2016004229038854 0.957600151861411 0.20182927110409285 0.9644468246272325 0.1989630495292928 0.9746946299996703 0.20050804080391363 0.9789126745900649 0.2020505433059688 0.9860886026934061 0.20150631865222182 0.9927990559802309 0.19586090850437624 0.9948645511970747 0.18898077868177937 0.9919778562841641 0.187052173154381 0.983253353528396 0.19045783937169075 0.9761584309210013 0.1865186453284923 0.9672772878049658 0.18033157176768705 0.9691488666890506 0.1791701222776222 0.9733837663706669 0.1758450498691192 0.9738838318438624 0.17577830619505314 0.9904167464642073 0.1756982896028904 0.995038800782206 0.1711365134954929 0.9955182429290301 0.17028762684396898 0.9921135445323651 0.1725302020174076 0.9902396852226698 0.17261555820954738 0.9747672507624839 0.1647293045381953 0.9727881968404217 0.15962613501995343 0.9730748055738244 0.1551429863251237 0.9709051986639512 0.1525165621526007 0.9662999994371738 0.1498121054120583 0.9613852877250121 0.15507168253667608 0.9577723007750782 0.15638840282773353 0.9531708697834509 0.15089855306750458 0.9538817066806269 0.14610596236366066 0.9514602841391314 0.1419328505223935 0.9465839313187988 0.1425548377420444 0.940181907598021 0.14588187654678614 0.9357360340473235 0.15322789124058228 0.9335766489235627 0.1532298400089167 0.9306165995719418 0.1600847972358211 0.9225339956606564 0.15823341231349144 0.9141192078353739 0.1603232054585033 0.9096539963227434 0.16450052009436383 0.906639815907409 0.16836700354161532 0.9053468251217541 0.17138180435024883 0.9055809051879186 0.1746285193482994 0.9077309716907577 0.17694631347475914 0.9120841528408119 0.18158504018510985 0.9119133427051359 0.18537316622190897 0.9132704838955155 0.18367622250971652 0.9054751259312035 0.18731048455302246 0.9042400344444118 0.1893208030667068 0.9043955918853417 0.1927244852598733 0.9022322360813302 0.19844713364069178 0.8994906970690904 0.20215720948156707 0.9015240844999667 0.20586696048000958 0.9065171163922621 0.20787812621245355 0.9047009539363288 0.20733505599199464 0.9074658015907525 0.20849255506167735 0.9121082767900216 0.21081175599563626 0.9135026939528931 0.2149862922723071 0.914434524060162 0.2212472308623473 0.9187914734453659 0.22503649370453008 0.9171887677292256 0.2316082634831793 0.9198245274847505 0.23222269233240306 0.9272318503384431 0.23407546643432764 0.9336736329024242 0.2382513918905933 0.9326324577483917 0.2437384456637282 0.9368533900997 0.2575071108981088 0.9268457134541874 0.20225522889780412 0.859419322952024 0.09050656386580289 0.8979567572529653 0.11539436542764654 1 0.22164717424364383 1 0.22137394052398257 0.9993524867075407 0.2174335920474962 0.9944169492239068
0 0.33014615994445096 0.8986552251033821 0.33174839768514436 0.8954549118010455 0.336926739354894 0.8933632402702599 0.334576629154702 0.8863449623212031 0.3342022869434773 0.8812357679180568 0.3401343571976858 0.8785558877725086 0.34512273470040067 0.8793135604328969 0.34804492690619565 0.8705804668824563 0.35585867334836996 0.8682319981151922 0.3545434930431624 0.862957098022904 0.34776781885737745 0.858642218753858 0.34579150103498774 0.8591349701294979 0.3440935298656125 0.8655625664717472 0.3395756369422712 0.8654881547750424 0.3355282285983034 0.8660970040420214 0.33355532313943426 0.8581841124439201 0.3363798801159429 0.8550781734613689 0.34306363626005043 0.8554131407510356 0.34598024234300057 0.8574879299860884 0.3474875684471543 0.8551106965183385 0.35172562185634354 0.8504514843768604 0.3569972433641438 0.8499376874588025 0.35812831562727704 0.8472551318761085 0.35615377836991896 0.8417431947253213 0.36199202682524156 0.8374867253314839 0.3715926688836061 0.8374935640153154 0.3697153559594632 0.827556573899302 0.31050153938719527 0.8367070730089932 0.3117181021186365 0.8560245169169484 0.32263773791260897 0.8541025118768892 0.32459278729270274 0.8992392704714591 0.33014615994445096 0.8986552251033821
0 0.39973998473547334 0.833677913745482 0.4027519133510342 0.833727521543285 0.4005891747898945 0.8298647903745822 0.400589724623317 0.8274629554530316 0.4044500234577608 0.8261001918821483 0.4086853532742033 0.8262450544739732 0.41216626573541293 0.8305796939209987 0.4065152578543783 0.8367908938569656 0.4123491430458781 0.8421400032008577 0.414134265969624 0.8480994496212677 0.4188413032244619 0.847725269129012 0.4172443796478936 0.8401200679296306 0.4187523866502342 0.8365418157785551 0.4259070461423735 0.8339573928721299 0.43512938379257016 0.8396625150481066 0.43672576540830316 0.8472690016119264 0.4454782993773131 0.8510898441408941 0.44764035704026617 0.8561535939929227 0.4563930299466275 0.8587747032030029 0.4621307727699784 0.868549745986358 0.4618510721931777 0.8626163888292876 0.46411131491883967 0.8596511491918759 0.44540137488431303 0.8158898732172368 0.38169241405678994 0.8244587847966741 0.38524057051939564 0.8404952875112812 0.38928865976155014 0.8386854195609768 0.39145630354734806 0.8329412866275117 0.39973998473547334 0.833677913745482
0 0.4717494743651704 0.9336003653672474 0.46488773826266855 0.9144987742526662 0.4542465801864748 0.9235564404975596 0.45913432099245366 0.9371448090969153 0.46355566065157505 0.9428472558357459 0.46524518316800734 0.9532313503311804 0.46599455636123077 0.9598481708970352 0.4679674618200999 0.9677610624951363 0.4616581789519813 0.9737361058468409 0.4567637621855038 0.9733552891158546 0.45864066421357563 0.984494380834531 0.4610840542518183 0.993090533396316 0.4535505582198671 0.9989705243990994 0.44771530335940685 0.9984240019789713 0.4471415793614536 1 0.511360184518854 1 0.4841756164277585 0.9317018788616519 0.4717494743651704 0.9336003653672474
0 0.37321009210273326 0.9955770468259513 0.3709554354999163 0.9877344036778692 0.37039385271440345 0.9806704787325934 0.3631444205230759 0.9828782481547179 0.3571220640256789 0.9791772618735728 0.3559890801327499 0.9866636897444687 0.34902234211308525 0.9900018245096976 0.3435621182346236 0.9909629282522777 0.3357505534243608 0.988508607650677 0.33161259670767623 0.9803349580145128 0.33047606938646235 0.9950262126209253 0.3251180765322534 0.9960964052021962 0.3260440185648148 1 0.3789209936557761 1 0.37913943876419526 0.9977012414137061 0.37321009210273326 0.9955770468259513
0 0.6489738614439877 0.9730517997618555 0.6424906997517693 0.9482530080744663 0.6313817806889487 0.9518233386223732 0.6146241664417694 0.9580028959756071 0.6021103306639752 0.9475156250829814 0.5983488977904268 0.9396483804810988 0.5953398317049642 0.9335949646311053 0.5813080395381618 0.9470994074127784 0.577069716126857 0.9517575366349191 0.5748107041328042 0.9511199226674544 0.5948487674540685 0.9749396453971932 0.5962553159675308 0.9865962923904114 0.6489738614439877 0.9730517997618555
0 0.6455311068583727 0.8918648182263647 0.6517378413999597 0.9035243431018298 0.6557835824310704 0.9206537363040251 0.6629307718123499 0.9207443300065478 0.6562641829762439 0.8867870639608505 0.6521213210349013 0.8882202784268539 0.6455311068583727 0.8918648182263647
0 0.5827039067309687 0.7866634950332945 0.5943778209428227 0.7817514464569224 0.6083088355189336 0.7822808841362173 0.6069039188039602 0.7682232826956849 0.5464426102247335 0.7753797386911039 0.5594546821386279 0.784855951536823 0.5589829668276453 0.7877755441780158 0.5669846347422942 0.7861807872695558 0.5827039067309687 0.7866634950332945
0 0.7627270948814644 0.9266737487915476 0.7602946051301916 0.8964641989425516 0.7715862704387132 0.9032533614362788 0.7706476139766418 0.8982848663782722 0.7629328724327145 0.8902035936538827 0.7656642806359366 0.8867205962968286 0.7635020919082194 0.8804560302065753 0.7668008079571506 0.8720293416904162 0.7653952103439903 0.8591727589332099 0.7625802016872696 0.8406633372349758 0.7691743603589626 0.8310158698575112 0.7618365535542424 0.8220389005647402 0.7580696656226135 0.826180354986576 0.7510088358019474 0.8279408175841784 0.7475249218732882 0.8308097195082308 0.7453585088190995 0.8329509988368194 0.7413119203106697 0.8311590961015849 0.7383035351233938 0.8239046615682655 0.7373667902911182 0.8141322942220566 0.7250408759857987 0.8043987351882347 0.7369040734665009 0.797838361104015 0.7407694164629544 0.7856690001120763 0.7493332169965385 0.7887363332273413 0.7508463992256529 0.7755522998934351 0.7610117566017439 0.7766203383896894 0.7694794147671794 0.7841136049444174 0.764965885107661 0.7744336145099832 0.7605467270804509 0.7639283784022878 0.7487909831509387 0.7432473201571702 0.7767558325884119 0.7266692590048146 0.7901108206637553 0.7489529957615612 0.7968905881112474 0.7436612133735402 0.8000947935905186 0.7372595038495298 0.8020717923110953 0.7355657337905643 0.8120470465827999 0.7406828497968794 0.8195753673879773 0.7444086399769263 0.8239125567601777 0.7305205025820198 0.8261714376894662 0.7299573003112598 0.8395329627879567 0.7402332185185244 0.8407541823569268 0.7451312626814109 0.841036064565639 0.7462618304696165 0.8402808352474553 0.750451809769918 0.831429566382314 0.757061791651941 0.825593630623667 0.7577162879151385 0.8424345753222294 0.7735280666978553 0.8461077725197368 0.7690108392659553 0.8597554041534107 0.7720114798425834 0.858063700005067 0.7664301747160135 0.8536439921444344 0.7583267735298684 0.8526112438813618 0.7517806063042352 0.8602355681173364 0.7522801963637066 0.8623024343124429 0.7605699438912097 0.8598529083179329 0.765183509036469 0.862860473669671 0.7748386955720017 0.87819994838904 0.7822209079563123 0.8903408037519828 0.78519694707914 0.8716327753472519 0.7366317988162985 0.8496040894256947 0.7409233181660394 0.8403904704305564 0.718407588071716 0.8454778449589311 0.7111360687975631 0.8459524228000118 0.7022126681041796 0.8512275877360969 0.6944940444506056 0.7150752649020021 0.7283336590117084 0.7261279263757897 0.8917758711172745 0.7418173502044612 0.9534989634506819 0.7650699871603226 0.946900863973412 0.7627270948814644 0.9266737487915476
0 0.8452155114924755 0.8616837183846002 0.8492601883711094 0.8682794934080368 0.8555644270772186 0.8731110474773874 0.8765524580435953 0.8790837663752589 0.8874635062472734 0.8951731854917714 0.8982908131034975 0.8904733700749965 0.8962090922970651 0.9122039481728841 0.9233214782539481 0.9066449200462816 0.8963574351891836 0.8009055494646662 0.8947549176171832 0.8065087806078906 0.895882176449916 0.8110299688413753 0.8903244484069323 0.8188190433900695 0.89022694424241 0.825647014196184 0.8871161496659535 0.8348274145711467 0.8798687601691861 0.8334321279432938 0.8480973703848352 0.8166936634990455 0.8454267362292193 0.8156054137803291 0.8515381482381953 0.829290120093044 0.8451278177772696 0.8492979609863791 0.8452155114924755 0.8616837183846002
0 0.9057119061898522 0.7773651218009492 0.9135230601040438 0.7810215440052131 0.9198244362800547 0.7918569061267544 0.9252858908901256 0.787292948779298 0.925197105380662 0.7773103116670658 0.9175745538371318 0.7732065826382798 0.9089140689745635 0.7745664683269162 0.9096697091888182 0.7691743874239514 0.9061911094242842 0.761237774846286 0.9080776908369081 0.7519623221224023 0.9157959758091202 0.7528387681112755 0.9208804956799836 0.7491705073322008 0.920695436737607 0.7424129874212066 0.9149518299167086 0.7458452940611201 0.9105258550350446 0.7497507943437944 0.9052584578537161 0.7418587458430104 0.9017966979979197 0.7342906118544301 0.9009342114630454 0.7305304299007283 0.9005606812147718 0.725421033052481 0.8951972806026456 0.7207551846722724 0.9057119061898522 0.7773651218009492
0 0.9127121668625688 0.70678259196876 0.9124260603273852 0.7140578695993964 0.9160955751592562 0.7179452022219001 0.9173140711354799 0.7276473211180894 0.9189118145475861 0.7328517703152576 0.9206028377977432 0.7396340941251532 0.9249334901467965 0.7377537752797284 0.9233351969012675 0.7349511610041108 0.9249370335750811 0.7305489485442125 0.9339748621163236 0.7270947158876446 0.9310597567670987 0.7214181559670526 0.9355799623871153 0.7178905945331173 0.9325729389962125 0.7082341226331467 0.9286250853839142 0.6960113954869215 0.9343700540011863 0.6901770514803565 0.9311737473414354 0.6821689050882336 0.8916327676879373 0.6944281261699589 0.8936943531197004 0.7063044835122778 0.8976555252522141 0.6993310116086662 0.9003861214924853 0.6958482166967135 0.9057508839009849 0.6981120277102706 0.9127121668625688 0.70678259196876
0 0.9374375076026868 0.7698553239338018 0.9383812082267682 0.7640172215707534 0.9405455785863968 0.765478998292142 0.9437454286744321 0.7662823179487489 0.9475124476708254 0.763341679765138 0.9477022807730962 0.7592915193357396 0.9520352458188249 0.753809227359675 0.9529781266073677 0.7503718769988397 0.9564621716007912 0.7487037913130121 0.9534543362469374 0.7390475218581422 0.9512857415608375 0.7459915905555954 0.9449774095930212 0.7507666981433114 0.9426215743326326 0.7557560362986354 0.9365038953026253 0.7540802314547398 0.9379114045455813 0.762132941923744 0.9344263988226643 0.7674049641337854 0.9302833979439702 0.7700379119186764 0.9284828377564527 0.7736465469493901 0.9333857438674837 0.7776692023813976 0.9350803105459253 0.7772466994557771 0.9398814474743522 0.7760496415740358 0.9374375076026868 0.7698553239338018
0 0.952818691498523 0.6907798179370186 0.9501845174577074 0.6874337615686208 0.9538578457199787 0.6841173503749454 0.9570626010326724 0.6753138059293846 0.9408911829935006 0.6790329284404665 0.9438802787515982 0.68260220749927 0.9435003425449414 0.6907014454387296 0.9468874332072652 0.6934594956374657 0.952818691498523 0.6907798179370186
0 0.9859388945301694 0.7093168279860492 0.9967610261596196 0.7142227937521047 0.9962014860686669 0.7035558127568519 0.9946051044529337 0.6959493261930323 0.994136120607285 0.6916642945438098 0.9997861775880172 0.6866530303718316 1 0.6862969288352446 1 0.6629241025289615 0.9624287331101324 0.6727750300191779 0.9731547223714341 0.6821069292246963 0.9747517848853537 0.6885123971051901 0.9763497982995759 0.6937179292216955 0.9730524440470179 0.6997425803712034 0.9684111190404497 0.7006777966494935 0.9709745818575628 0.7046430580026717 0.9743637152144464 0.7037980521514309 0.9812329490695891 0.7072878881923161 0.9859388945301694 0.7093168279860492
0 0.9948343320116324 0.8147773662997831 0.9896559903418828 0.8168690378305685 0.9936072563177019 0.8206861220030527 0.9885201439188556 0.8303592737536553 0.981361260100245 0.8413495420789225 0.9738319883947654 0.8388236876628641 0.9720420991837126 0.8412713720257343 0.9723233004942383 0.8436029584972655 0.9736413433295438 0.8428740505373634 0.977969133148499 0.8469975397441292 0.9793782741899438 0.8526492957658194 0.9785292152002871 0.8576632353749438 0.974197069990096 0.8607447753487953 0.9739125952534016 0.8656190985321175 0.9672246069102354 0.8760905262184053 0.9637436944490257 0.8717558867713798 0.9557519759210443 0.852937182156617 0.9542524175716467 0.8397037434700085 0.9487066816098906 0.8234763004455029 0.9430623496893548 0.8164799485131 0.9408075620217735 0.8074364891267936 0.937321605398554 0.8139084471008232 0.9521595166469374 0.8854506366959954 1 0.8703936537555295 1 0.8099823190824142 0.9996366996716685 0.8099774548131655 0.9948343320116324 0.8147773662997831